1649436717198307840.000000 -0.025306957 -0.015178168 0.049167752 0.001024153 -0.010623036 -0.005169369 0.999929667
1649436717315425024.000000 -0.050569527 -0.027941056 0.094197355 0.004077840 -0.019092590 -0.011499920 0.999743283
1649436717436429568.000000 -0.071934506 -0.040852010 0.133517399 0.006181895 -0.025025269 -0.015918726 0.999540925
1649436717555721984.000000 -0.089784279 -0.053580061 0.171016902 0.004620282 -0.028981546 -0.015758500 0.999445021
1649436717675770112.000000 -0.105473205 -0.065403312 0.205627978 0.003670950 -0.030104397 -0.014522292 0.999434531
1649436717797647872.000000 -0.121906601 -0.077891178 0.241024032 0.005159084 -0.031251106 -0.014690974 0.999390304
1649436717916324352.000000 -0.139290527 -0.090301819 0.275471777 0.007499114 -0.030475412 -0.016845262 0.999365449
1649436718035673088.000000 -0.155308202 -0.102454431 0.308106124 0.009680696 -0.029638335 -0.018942900 0.999334276
1649436718157511680.000000 -0.170170695 -0.115048952 0.340921044 0.011467705 -0.027250882 -0.019546669 0.999371707
1649436718279317760.000000 -0.182893395 -0.127666593 0.372740954 0.013428597 -0.022951242 -0.018370310 0.999477565
1649436718398593792.000000 -0.195145890 -0.140106708 0.405164659 0.014691781 -0.019383758 -0.016057739 0.999575198
1649436718519769600.000000 -0.207313389 -0.152891546 0.438559413 0.014849729 -0.015919242 -0.013984554 0.999665201
1649436718638530816.000000 -0.218989298 -0.165669814 0.472113192 0.014345448 -0.012263345 -0.012431770 0.999744594
1649436718757028352.000000 -0.230899796 -0.178629935 0.505139947 0.015247933 -0.008238279 -0.011769312 0.999780536
1649436718874269184.000000 -0.243313417 -0.192146093 0.539605200 0.017263664 -0.004148098 -0.011927938 0.999771237
1649436718995746304.000000 -0.256163001 -0.206093132 0.575443506 0.018274490 -0.000990315 -0.011529816 0.999765992
1649436719115558656.000000 -0.269823670 -0.220715299 0.614871025 0.017609151 0.000428809 -0.010072041 0.999794126
1649436719233316864.000000 -0.284621716 -0.235311121 0.656613171 0.016367421 -0.000024544 -0.008535039 0.999829590
1649436719352248064.000000 -0.300366998 -0.249741450 0.697790802 0.014926778 -0.000902732 -0.008902563 0.999848545
1649436719468677888.000000 -0.317924351 -0.264331460 0.740986049 0.013205084 -0.002133608 -0.011649101 0.999842703
1649436719588091904.000000 -0.335520357 -0.278909177 0.783746839 0.012069397 -0.003806853 -0.013499164 0.999828815
1649436719708478976.000000 -0.352587342 -0.293490618 0.826716602 0.011514667 -0.005037718 -0.014004391 0.999822974
1649436719826805248.000000 -0.370597035 -0.309019566 0.870575726 0.011257508 -0.004999445 -0.014470690 0.999819398
1649436719946473472.000000 -0.386998177 -0.323827624 0.912390172 0.010947607 -0.005195983 -0.014484446 0.999821663
1649436720064312320.000000 -0.403247029 -0.338946670 0.953741193 0.010976911 -0.004570192 -0.014214575 0.999828279
1649436720183535872.000000 -0.419416785 -0.354052216 0.995613039 0.011723645 -0.004127052 -0.014220230 0.999821663
1649436720304542720.000000 -0.435883522 -0.369348496 1.038057566 0.012038994 -0.003790612 -0.014467223 0.999815643
1649436720423989760.000000 -0.452035099 -0.384218156 1.079930425 0.011118907 -0.002979969 -0.014061731 0.999834895
1649436720543922944.000000 -0.467334092 -0.398986608 1.120641351 0.010597192 -0.002084906 -0.013930341 0.999844611
1649436720663418368.000000 -0.482607514 -0.413677931 1.162522435 0.010355935 -0.000821381 -0.013421137 0.999855936
1649436720783440640.000000 -0.497458816 -0.428841740 1.203153491 0.010205219 0.000972280 -0.012910185 0.999864101
1649436720902476288.000000 -0.511618853 -0.444021493 1.243147016 0.010485437 0.003332903 -0.011693658 0.999871075
1649436721020339968.000000 -0.526139677 -0.459232777 1.283161998 0.011248553 0.005737159 -0.011195150 0.999857605
1649436721138129152.000000 -0.539680839 -0.474779099 1.323243499 0.011807988 0.008355521 -0.010689559 0.999838233
1649436721255004928.000000 -0.553705573 -0.490287960 1.363034248 0.012290895 0.010991457 -0.010559572 0.999808252
1649436721371376384.000000 -0.566801548 -0.505139470 1.403918505 0.013742299 0.013016843 -0.010060543 0.999770224
1649436721490374400.000000 -0.580299854 -0.521001577 1.445094705 0.014323195 0.015467873 -0.009997855 0.999727786
1649436721610087424.000000 -0.593619108 -0.535453439 1.486222029 0.014649983 0.017799839 -0.009897905 0.999685228
1649436721729332992.000000 -0.607362032 -0.551142216 1.528938293 0.014338342 0.019854903 -0.009966219 0.999650359
1649436721849477632.000000 -0.620914578 -0.566290140 1.571822047 0.013239413 0.021233466 -0.009662409 0.999640167
1649436721969786880.000000 -0.635745347 -0.582659721 1.616864562 0.012293847 0.022527045 -0.010235129 0.999618232
1649436722088664832.000000 -0.650819957 -0.598826706 1.662085891 0.012386265 0.022935288 -0.010466862 0.999605417
1649436722208850688.000000 -0.665516675 -0.614795744 1.707341552 0.012044805 0.022840286 -0.010775300 0.999608457
1649436722329507328.000000 -0.680538833 -0.630926669 1.752743125 0.011743129 0.023194075 -0.011050774 0.999600887
1649436722451506944.000000 -0.696083903 -0.647553384 1.798965096 0.012854076 0.023752637 -0.011003409 0.999574661
1649436722574570496.000000 -0.711217523 -0.664285779 1.845221400 0.013453611 0.024221607 -0.011271982 0.999552548
1649436722700204800.000000 -0.726675034 -0.682226479 1.893886566 0.013785325 0.024383910 -0.010924652 0.999547899
1649436722822114048.000000 -0.742224157 -0.699338555 1.940783143 0.014863560 0.024713742 -0.011330496 0.999519825
1649436722943323648.000000 -0.757747650 -0.716621161 1.987879872 0.014896449 0.024380421 -0.010934048 0.999531984
1649436723064210432.000000 -0.773465335 -0.733826995 2.034893274 0.016371792 0.024479060 -0.011349831 0.999501824
1649436723186756608.000000 -0.789614916 -0.751040757 2.081963301 0.017088812 0.024176836 -0.011955502 0.999490142
1649436723309249024.000000 -0.805385113 -0.768247962 2.129437685 0.017056728 0.023861693 -0.012076687 0.999496758
1649436723433020160.000000 -0.821478367 -0.785719275 2.177147150 0.017262207 0.023595767 -0.012546121 0.999493778
1649436723557858816.000000 -0.837017834 -0.803554595 2.225609064 0.017085761 0.024440378 -0.012963858 0.999471188
1649436723681944320.000000 -0.850390851 -0.820248067 2.270110607 0.016499359 0.026220191 -0.012451372 0.999442458
1649436723806875648.000000 -0.865232110 -0.838053286 2.317774534 0.016338291 0.027450982 -0.011152467 0.999427378
1649436723931978496.000000 -0.879861832 -0.855608761 2.366035938 0.015727345 0.027546994 -0.010181872 0.999444902
1649436724055877376.000000 -0.894792199 -0.873152733 2.414229393 0.015025775 0.027077403 -0.009316683 0.999476969
1649436724177541888.000000 -0.910223424 -0.890718579 2.462307453 0.015039131 0.026212996 -0.008640829 0.999505877
1649436724298965504.000000 -0.926339328 -0.908486903 2.510874987 0.015381087 0.025824264 -0.008354099 0.999513268
1649436724422154496.000000 -0.942682266 -0.925760686 2.558291912 0.016133478 0.025993723 -0.008722872 0.999493837
1649436724546306560.000000 -0.958401918 -0.943818986 2.607969522 0.015514739 0.024557047 -0.007486075 0.999550045
1649436724669874176.000000 -0.973992884 -0.961060584 2.656554699 0.014087909 0.023254622 -0.006460162 0.999609411
1649436724792185344.000000 -0.989480615 -0.977120638 2.704308510 0.011963923 0.021897744 -0.007027346 0.999663949
1649436724914227712.000000 -1.005873561 -0.993904948 2.752025127 0.010473352 0.021317212 -0.008436991 0.999682307
1649436725036214528.000000 -1.021378994 -1.010547876 2.800189495 0.008975151 0.020375254 -0.008032861 0.999719858
1649436725158917120.000000 -1.036849499 -1.027252197 2.847480297 0.007317520 0.019639980 -0.007341563 0.999753356
1649436725281539840.000000 -1.052448750 -1.043878913 2.895153761 0.006912018 0.019291533 -0.007460672 0.999762177
1649436725404726272.000000 -1.069009066 -1.060302973 2.942778111 0.007675697 0.019600822 -0.008471773 0.999742508
1649436725528936448.000000 -1.085705876 -1.077919006 2.991762638 0.008541264 0.019080246 -0.008101849 0.999748647
1649436725655322880.000000 -1.103121042 -1.095063329 3.040349960 0.009290730 0.019131826 -0.007526204 0.999745488
1649436725780389120.000000 -1.119419098 -1.113122344 3.090690613 0.009856929 0.018661695 -0.007833102 0.999746561
1649436725902467072.000000 -1.136349082 -1.130529165 3.139375925 0.011198005 0.018931139 -0.008394517 0.999722838
1649436726024259328.000000 -1.152138829 -1.148580670 3.186551094 0.013905958 0.019765802 -0.008564762 0.999671221
1649436726147222784.000000 -1.168134928 -1.167089939 3.234016657 0.015974965 0.020496482 -0.007446995 0.999634564
1649436726270967552.000000 -1.183568597 -1.184691429 3.280803919 0.017176772 0.021215539 -0.007024333 0.999602675
1649436726392817408.000000 -1.198704720 -1.202291369 3.327270508 0.017928293 0.021985447 -0.007461309 0.999569654
1649436726520623360.000000 -1.214398980 -1.220875382 3.374273539 0.019255701 0.022824505 -0.008117563 0.999521077
1649436726648050944.000000 -1.229820609 -1.238921165 3.421205759 0.019797606 0.023599181 -0.008198991 0.999491811
1649436726775686656.000000 -1.244121909 -1.256260872 3.467875242 0.018788416 0.024176681 -0.006903958 0.999507248
1649436726901860608.000000 -1.257949710 -1.272108197 3.514066935 0.015780991 0.024072127 -0.005288679 0.999571681
1649436727029732096.000000 -1.271745801 -1.288480759 3.559541225 0.013193391 0.024403155 -0.005653557 0.999599159
1649436727156003840.000000 -1.286493540 -1.304720759 3.606045961 0.010797594 0.024462152 -0.006281148 0.999622703
1649436727277371136.000000 -1.300165772 -1.320236444 3.650113583 0.009410830 0.024376849 -0.005858300 0.999641359
1649436727399954944.000000 -1.313714266 -1.335913658 3.694065094 0.009020221 0.024155544 -0.004787916 0.999656022
1649436727526013696.000000 -1.328429461 -1.352057219 3.740302563 0.007899404 0.024224026 -0.004686882 0.999664366
1649436727651019520.000000 -1.343043566 -1.367955208 3.785747290 0.008112142 0.024226004 -0.005202006 0.999660075
1649436727775108864.000000 -1.356899977 -1.383835316 3.829435825 0.008263937 0.024252534 -0.005476399 0.999656737
1649436727899406080.000000 -1.372197270 -1.399941444 3.875411034 0.008704435 0.024295943 -0.005369470 0.999652505
1649436728022362112.000000 -1.386862159 -1.415727019 3.920192957 0.008521128 0.024051782 -0.005252521 0.999660611
1649436728143830528.000000 -1.400594115 -1.431041002 3.963087559 0.008517890 0.024410119 -0.005144767 0.999652505
1649436728265309440.000000 -1.414489508 -1.446757317 4.006134033 0.009046202 0.024594188 -0.005153959 0.999643326
1649436728386226432.000000 -1.428797603 -1.462775469 4.049359322 0.010343101 0.024922173 -0.005147404 0.999622643
1649436728507764992.000000 -1.442512631 -1.478246093 4.091712952 0.011913786 0.025483064 -0.005187488 0.999590814
1649436728629132032.000000 -1.455595016 -1.493412018 4.133659840 0.012083396 0.026045397 -0.005379389 0.999573231
1649436728749691648.000000 -1.468487263 -1.508795619 4.175587654 0.012724988 0.026553633 -0.004747545 0.999555111
1649436728870514432.000000 -1.481389642 -1.523417234 4.217126369 0.011612583 0.026653143 -0.005026803 0.999564648
1649436728991008512.000000 -1.494472265 -1.537925601 4.258556843 0.010073133 0.026383892 -0.005876326 0.999583900
1649436729111781888.000000 -1.507447720 -1.552696705 4.299671650 0.010048009 0.026297241 -0.006188269 0.999584496
1649436729231383552.000000 -1.520028591 -1.566946626 4.339516163 0.009757305 0.026494149 -0.006335916 0.999581277
1649436729350096896.000000 -1.532960892 -1.581575751 4.380974293 0.009967452 0.026808716 -0.007305394 0.999564171
1649436729469692416.000000 -1.546237946 -1.595737338 4.421010494 0.010777980 0.026878236 -0.008250078 0.999546587
1649436729588939776.000000 -1.558943272 -1.610097051 4.461313725 0.010515904 0.026556874 -0.008530080 0.999555588
1649436729708830720.000000 -1.571765423 -1.624324322 4.501869678 0.010513344 0.026552141 -0.008779787 0.999553561
1649436729827614720.000000 -1.584512472 -1.638562202 4.541303158 0.010991753 0.026564145 -0.009498909 0.999541521
1649436729948514816.000000 -1.597359180 -1.652449131 4.580595493 0.010749354 0.026490018 -0.009968543 0.999541581
1649436730066674688.000000 -1.609927654 -1.666593909 4.619874954 0.011034675 0.026471242 -0.010536857 0.999533117
1649436730186437376.000000 -1.622713804 -1.680606365 4.658531189 0.011967439 0.026121475 -0.010579610 0.999531150
1649436730304969216.000000 -1.635043979 -1.694434762 4.697190285 0.011509581 0.025851842 -0.010934660 0.999539733
1649436730422817536.000000 -1.647732139 -1.707866430 4.735257149 0.011857186 0.025776941 -0.011210147 0.999534547
1649436730541959168.000000 -1.660546303 -1.721702337 4.772328854 0.012457106 0.025666161 -0.011455531 0.999527335
1649436730661913600.000000 -1.672766685 -1.735095859 4.811432838 0.011709950 0.025132390 -0.011429622 0.999550223
1649436730781855488.000000 -1.684995532 -1.748491883 4.848584175 0.011869964 0.025136761 -0.011238432 0.999550343
1649436730901425664.000000 -1.697157860 -1.761765242 4.885397911 0.012341093 0.025126608 -0.011548225 0.999541402
1649436731020845312.000000 -1.708948851 -1.774885774 4.921287060 0.012692617 0.024801185 -0.011882391 0.999541163
1649436731142637056.000000 -1.720918655 -1.788064003 4.958153248 0.012207376 0.024483323 -0.011336474 0.999561429
1649436731261027328.000000 -1.731996536 -1.800698519 4.992416859 0.012543810 0.024117496 -0.010432357 0.999575973
1649436731384225024.000000 -1.743334770 -1.814117312 5.027792454 0.013132620 0.023907002 -0.010186422 0.999576032
1649436731502419200.000000 -1.754733920 -1.826080561 5.061529636 0.013871881 0.024035228 -0.010268882 0.999562144
1649436731620662784.000000 -1.764971256 -1.837926507 5.093489647 0.013658588 0.024003515 -0.010083739 0.999567688
1649436731736811520.000000 -1.774678230 -1.849316835 5.123975277 0.013803609 0.024358841 -0.010462077 0.999553204
1649436731857842944.000000 -1.785124540 -1.860917091 5.154678345 0.014443327 0.024570011 -0.010347820 0.999540210
1649436731977792768.000000 -1.793723702 -1.872006178 5.183033943 0.014858879 0.025315406 -0.009884709 0.999520183
1649436732095928576.000000 -1.801821709 -1.882271528 5.210176468 0.014743575 0.025893612 -0.009314692 0.999512553
1649436732213709312.000000 -1.809556246 -1.891707182 5.236064911 0.014878635 0.026507609 -0.008213732 0.999504149
1649436732331587328.000000 -1.816596985 -1.900683761 5.260342598 0.014362764 0.027372422 -0.007923148 0.999490738
1649436732449427456.000000 -1.823738098 -1.909332752 5.284162045 0.013616350 0.028492650 -0.007603028 0.999472320
1649436732566280448.000000 -1.829393268 -1.917239666 5.305851936 0.012079698 0.029196532 -0.007408882 0.999473214
1649436732684500480.000000 -1.834718347 -1.923817635 5.325889111 0.008827269 0.030031944 -0.006044796 0.999491692
1649436732801566976.000000 -1.840307355 -1.932386398 5.347739697 0.008143946 0.030631037 -0.004329605 0.999488235
1649436732918191872.000000 -1.846163511 -1.940623045 5.367149353 0.010398154 0.032206263 -0.004134893 0.999418616
1649436733036145664.000000 -1.851253748 -1.947682858 5.386250019 0.009679716 0.032831870 -0.003216456 0.999408841
1649436733155029248.000000 -1.856511712 -1.955301523 5.405527115 0.010703810 0.033674344 -0.001966709 0.999373615
1649436733273556480.000000 -1.861575603 -1.961943984 5.424890995 0.009250364 0.034936298 -0.002513533 0.999343574
1649436733391991040.000000 -1.867328763 -1.967770815 5.443637371 0.006897498 0.036004320 -0.003179554 0.999322772
1649436733509354496.000000 -1.872083783 -1.973939180 5.461230278 0.006360800 0.037180837 -0.003504018 0.999282181
1649436733626857216.000000 -1.876764655 -1.980383754 5.480118275 0.007209263 0.037525982 -0.002356610 0.999266863
1649436733743451392.000000 -1.880474210 -1.986354113 5.495578289 0.006477819 0.037832770 -0.000752455 0.999262810
1649436733862883584.000000 -1.884132266 -1.992337465 5.511374474 0.004854502 0.037980493 0.000444772 0.999266565
1649436733983917568.000000 -1.887428403 -1.997763038 5.525733948 0.003890867 0.038674220 0.001251990 0.999243498
1649436734103901696.000000 -1.891348243 -2.002385616 5.538015842 0.005395323 0.040016808 0.000431644 0.999184370
1649436734221691904.000000 -1.894908667 -2.006895542 5.549955368 0.006840479 0.040654801 0.000343335 0.999149740
1649436734338179840.000000 -1.897294044 -2.011642456 5.560857773 0.007741848 0.041473679 0.001078245 0.999109030
1649436734456692736.000000 -1.899838328 -2.015918016 5.571609497 0.008566487 0.041968647 0.002192580 0.999079823
1649436734574372352.000000 -1.902875900 -2.020130873 5.583076477 0.009546730 0.042940285 0.002062077 0.999029875
1649436734690715392.000000 -1.905757666 -2.023902655 5.593800068 0.011022401 0.043922070 0.001801485 0.998972535
1649436734807684864.000000 -1.908563852 -2.027989388 5.604176044 0.011886434 0.044746377 0.001872969 0.998925924
1649436734927481856.000000 -1.911505103 -2.032206535 5.615094662 0.012844477 0.045552064 0.001813061 0.998877764
1649436735049107456.000000 -1.913922906 -2.036445618 5.626434803 0.013471248 0.045855563 0.002305137 0.998854578
1649436735168889344.000000 -1.916583419 -2.040586948 5.637671947 0.012630156 0.046484120 0.004239668 0.998830140
1649436735286760960.000000 -1.918484211 -2.044811726 5.648890972 0.012103164 0.046825096 0.006498717 0.998808622
1649436735405936640.000000 -1.920702100 -2.048770428 5.658483982 0.012595028 0.048070211 0.005726672 0.998748124
1649436735524603648.000000 -1.923982263 -2.053231478 5.668510914 0.014639444 0.049088702 0.003622069 0.998680592
1649436735644790016.000000 -1.926659584 -2.057341576 5.678595066 0.015589549 0.050548092 0.003060702 0.998595297
1649436735762605568.000000 -1.928586960 -2.060967922 5.689470291 0.015347159 0.051166672 0.005052853 0.998559415
1649436735879136256.000000 -1.930457592 -2.065147877 5.699556828 0.015686376 0.051736165 0.006608365 0.998515725
1649436735993659392.000000 -1.932460785 -2.069134712 5.708631516 0.016341664 0.052769113 0.006720712 0.998450398
1649436736109393152.000000 -1.934792399 -2.073071480 5.718320370 0.016807271 0.053513672 0.006343262 0.998405516
1649436736225931520.000000 -1.936981440 -2.077147722 5.727351665 0.017615203 0.054391451 0.006341601 0.998344123
1649436736340417280.000000 -1.939160705 -2.081264257 5.737055302 0.019209061 0.055099133 0.007670465 0.998266637
1649436736455823360.000000 -1.941039562 -2.084995031 5.746653557 0.019882066 0.055556331 0.009252411 0.998214722
1649436736571531008.000000 -1.943001032 -2.088551998 5.756224632 0.019491835 0.055851515 0.009788771 0.998200774
1649436736687061248.000000 -1.945264697 -2.092244864 5.765676022 0.019449830 0.056543600 0.010096846 0.998159587
1649436736802460928.000000 -1.947189569 -2.095738411 5.773633957 0.019978227 0.057233345 0.010086203 0.998109937
1649436736917906176.000000 -1.948987961 -2.099251747 5.782811165 0.020298615 0.057476360 0.010410049 0.998086214
1649436737033719296.000000 -1.950837612 -2.102495909 5.791778564 0.020259077 0.057872076 0.011319274 0.998054206
1649436737149023744.000000 -1.952528715 -2.105800629 5.801005363 0.019739941 0.057823762 0.012554863 0.998052657
1649436737262872320.000000 -1.953903198 -2.109217644 5.809873581 0.019111509 0.058147244 0.014185976 0.998024225
1649436737377807872.000000 -1.955446720 -2.112419367 5.818288326 0.018751875 0.059670717 0.013252509 0.997953951
1649436737493857536.000000 -1.958025932 -2.115599155 5.827618599 0.018070655 0.060019545 0.010817228 0.997974992
1649436737608456448.000000 -1.959881067 -2.118885279 5.836005211 0.017293071 0.061006043 0.010109556 0.997936368
1649436737721973248.000000 -1.961195946 -2.122061968 5.844935417 0.017262409 0.061805740 0.011496377 0.997872710
1649436737838217728.000000 -1.962617636 -2.125267506 5.854226112 0.016512206 0.061267436 0.013335981 0.997895658
1649436737953163776.000000 -1.964016676 -2.128525257 5.863095284 0.015275539 0.061850160 0.014180760 0.997867763
1649436738071063808.000000 -1.965682864 -2.131692410 5.872187614 0.014806522 0.062143743 0.014001310 0.997859120
1649436738185862400.000000 -1.967561483 -2.135082960 5.881122112 0.013878888 0.062642641 0.013872290 0.997843087
1649436738302994688.000000 -1.968827605 -2.138519049 5.889437199 0.011754923 0.063207269 0.013880850 0.997834623
1649436738418001664.000000 -1.970057845 -2.141844749 5.898095608 0.009446500 0.062887259 0.014830137 0.997865736
1649436738533490176.000000 -1.971127987 -2.144633770 5.905723095 0.008090678 0.063098304 0.015559618 0.997853220
1649436738649208576.000000 -1.972621918 -2.147367716 5.912007809 0.007404558 0.063859679 0.015555902 0.997810185
1649436738764994048.000000 -1.973750114 -2.149254799 5.917315006 0.007753252 0.064029820 0.015424714 0.997798681
1649436738880603392.000000 -1.974500179 -2.150923729 5.921662807 0.007455991 0.064411439 0.015940260 0.997768223
1649436738996213248.000000 -1.975046873 -2.152408600 5.924628258 0.007901282 0.064824410 0.016328542 0.997731805
1649436739112470528.000000 -1.975667715 -2.153404236 5.928072929 0.009008960 0.064994767 0.016772939 0.997703969
1649436739228100096.000000 -1.976111889 -2.154611111 5.930728436 0.009347573 0.065300114 0.016689444 0.997682333
1649436739347564032.000000 -1.976730108 -2.155807495 5.933902264 0.009179457 0.065512717 0.016552372 0.997672200
1649436739462607616.000000 -1.977441549 -2.157144308 5.937249660 0.009817356 0.066125534 0.016619597 0.997624576
1649436739580405248.000000 -1.978067160 -2.158692837 5.940541267 0.010799341 0.066576101 0.016710235 0.997582972
1649436739696540416.000000 -1.979138613 -2.160594940 5.944749832 0.012342946 0.067357540 0.016646173 0.997513652
1649436739817520384.000000 -1.979878068 -2.162624598 5.949810505 0.012504137 0.067630418 0.016541598 0.997494936
1649436739932257536.000000 -1.980897903 -2.164821386 5.955450058 0.011815553 0.068205744 0.016735634 0.997460902
1649436740048166912.000000 -1.982136726 -2.166894436 5.961636543 0.012733396 0.069006696 0.016775774 0.997393906
1649436740165218560.000000 -1.983617544 -2.169679165 5.968219757 0.013800159 0.069732726 0.016565973 0.997332692
1649436740281319168.000000 -1.985074043 -2.172771454 5.975569248 0.014782519 0.070470124 0.016442172 0.997268856
1649436740398602240.000000 -1.986831665 -2.176170111 5.983695984 0.016587313 0.071393080 0.016414730 0.997175217
1649436740514763264.000000 -1.988941193 -2.179599047 5.992525578 0.018899297 0.072479457 0.016020747 0.997062087
1649436740629856768.000000 -1.991072655 -2.183780193 6.002843380 0.019708760 0.073251389 0.015412921 0.996999621
1649436740746257152.000000 -1.993051052 -2.187916040 6.013871193 0.019473769 0.073703311 0.015580581 0.996968329
1649436740861638656.000000 -1.994736910 -2.191970110 6.025381565 0.018845968 0.074159294 0.015406018 0.996949255
1649436740976564224.000000 -1.997524023 -2.195958853 6.037724972 0.017993404 0.074656881 0.014863175 0.996936142
1649436741092507904.000000 -2.000107765 -2.200360298 6.050581455 0.017373020 0.074791089 0.014538240 0.996941864
1649436741208677632.000000 -2.002192497 -2.205352545 6.063514709 0.017148975 0.074885644 0.015689021 0.996921182
1649436741324087552.000000 -2.004594803 -2.210636377 6.075903893 0.017906686 0.075267605 0.016836844 0.996860385
1649436741442542336.000000 -2.006757259 -2.215899944 6.089501858 0.017740544 0.075235479 0.017473754 0.996854842
1649436741558751488.000000 -2.009819269 -2.221128941 6.102201939 0.019591754 0.076136224 0.017033676 0.996759415
1649436741675648256.000000 -2.012288570 -2.226291180 6.114778519 0.022993833 0.077167213 0.016510718 0.996616244
1649436741792750080.000000 -2.014775276 -2.231534481 6.127989292 0.025180897 0.078024015 0.016764143 0.996492386
1649436741910035712.000000 -2.016822577 -2.237135649 6.142060757 0.026516380 0.078330897 0.017431194 0.996422231
1649436742027727872.000000 -2.019952297 -2.243112803 6.156454563 0.027168516 0.078886770 0.017648432 0.996356964
1649436742146222080.000000 -2.023680210 -2.250118971 6.173202991 0.027599046 0.077715687 0.017862620 0.996433377
1649436742266441984.000000 -2.029542923 -2.257173300 6.194890976 0.029470000 0.072510540 0.017765593 0.996773839
1649436742382923008.000000 -2.041371822 -2.264261961 6.224812984 0.032940697 0.063890129 0.016216569 0.997281313
1649436742499891968.000000 -2.057922125 -2.271588802 6.260003090 0.037809234 0.050610840 0.012968503 0.997918248
1649436742617178368.000000 -2.079091311 -2.276927710 6.298617363 0.041994717 0.033588622 0.010412240 0.998498797
1649436742733404672.000000 -2.098243237 -2.285357952 6.340626717 0.040453825 0.003942945 0.009706483 0.999126494
1649436742848552960.000000 -2.120674849 -2.290150642 6.378169060 0.037747759 -0.032472633 0.005212770 0.998745918
1649436742963131648.000000 -2.149533749 -2.294924259 6.413971901 0.038610186 -0.069794044 -0.002791068 0.996810019
1649436743080581120.000000 -2.178341866 -2.299592733 6.441196442 0.040610809 -0.113543063 -0.014697956 0.992593944
1649437025605359616.000000 -0.112143241 -0.001908967 -0.053520322 -0.001638493 0.064448409 0.009420178 0.997875214
1649437025732973312.000000 -0.132151678 -0.024143489 0.013946892 0.002400370 0.060019050 0.005845239 0.998177230
1649437025858177280.000000 -0.153899729 -0.047199313 0.082643770 0.006706624 0.056756053 0.001818557 0.998363912
1649437025981517824.000000 -0.172742397 -0.068402961 0.146481946 0.008782366 0.053840198 -0.000765677 0.998510659
1649437026101208064.000000 -0.189323515 -0.088787481 0.204968438 0.009503951 0.051665351 -0.000839767 0.998618841
1649437026221713920.000000 -0.205125690 -0.109230727 0.262247115 0.009282146 0.049720939 -0.000620201 0.998719811
1649437026341445888.000000 -0.221804887 -0.129597813 0.319750696 0.010282839 0.047515124 -0.000508823 0.998817444
1649437026460709888.000000 -0.238121212 -0.149586931 0.375506699 0.011210999 0.045598030 -0.001390620 0.998896003
1649437026580460032.000000 -0.254404306 -0.168610126 0.429762334 0.011620572 0.044640485 -0.003814234 0.998928249
1649437026703125248.000000 -0.270901144 -0.188287854 0.484551162 0.013038190 0.043794241 -0.004785208 0.998944044
1649437026825220608.000000 -0.285807043 -0.207117423 0.537742913 0.012007698 0.042155750 -0.003436547 0.999032974
1649437026946340352.000000 -0.300927907 -0.225609437 0.592715740 0.010790945 0.040411502 -0.002337901 0.999122083
1649437027069331968.000000 -0.316414237 -0.243614018 0.645057678 0.009805169 0.039867550 -0.003629570 0.999150276
1649437027190671616.000000 -0.332321584 -0.261966020 0.698376179 0.009023729 0.038640141 -0.004785782 0.999201000
1649437027310611456.000000 -0.348475277 -0.279467016 0.750421703 0.008419705 0.037496258 -0.005049992 0.999248564
1649437027432427520.000000 -0.364006162 -0.297157943 0.801695943 0.007948643 0.036247287 -0.004974357 0.999298871
1649437027556596736.000000 -0.380502284 -0.315966815 0.855483830 0.007955918 0.035107151 -0.004956912 0.999339581
1649437027673485824.000000 -0.395875037 -0.333810687 0.905987799 0.008828531 0.034041140 -0.004680866 0.999370456
1649437027791497728.000000 -0.410525382 -0.350375146 0.955603004 0.009827141 0.033214711 -0.004984023 0.999387503
1649437027909682688.000000 -0.420413494 -0.361936420 0.988969207 0.008621841 0.032677706 -0.004797081 0.999417245
1649437028029606144.000000 -0.439329475 -0.384074330 1.053686976 0.008018576 0.031847913 -0.004140616 0.999451995
1649437028149499904.000000 -0.449689031 -0.395818651 1.087461352 0.007814887 0.031240882 -0.003725227 0.999474406
1649437028268740352.000000 -0.469595134 -0.417678863 1.153641701 0.008031668 0.029999774 -0.003417964 0.999511778
1649437028388951296.000000 -0.480420679 -0.429713398 1.187490106 0.008583826 0.028301660 -0.002919961 0.999558330
1649437028509675520.000000 -0.502412915 -0.453822672 1.253219604 0.009484522 0.027075440 -0.003602747 0.999581873
1649437028630947840.000000 -0.513392270 -0.465826988 1.286492348 0.010692100 0.026305366 -0.004059150 0.999588549
1649437028748622592.000000 -0.536055624 -0.489850789 1.354871750 0.011962175 0.024519378 -0.004641423 0.999617040
1649437028867947520.000000 -0.547391593 -0.502382576 1.388573408 0.013634783 0.023718277 -0.005524487 0.999610424
1649437028989063680.000000 -0.569835603 -0.525681496 1.453957915 0.014125409 0.022632912 -0.006493936 0.999622941
1649437029108332544.000000 -0.582121074 -0.537623763 1.488717556 0.014502507 0.021962333 -0.007871266 0.999622643
1649437029224633600.000000 -0.603017092 -0.559497178 1.550918221 0.014555808 0.021683225 -0.008509324 0.999622703
1649437029344559104.000000 -0.618652582 -0.576452732 1.598360062 0.012882815 0.021238426 -0.009219673 0.999648929
1649437029461737728.000000 -0.629266798 -0.587998211 1.630912066 0.012738138 0.020871211 -0.010105372 0.999649942
1649437029581251840.000000 -0.649959385 -0.609912276 1.692827106 0.012453006 0.022301139 -0.010494507 0.999618649
1649437029698916608.000000 -0.664999187 -0.626748204 1.739610672 0.011990549 0.023311440 -0.010284315 0.999603450
1649437029817779456.000000 -0.679787636 -0.644229293 1.787691116 0.012638194 0.023868384 -0.009535187 0.999589741
1649437029937608192.000000 -0.695374072 -0.662154317 1.835999131 0.013802166 0.025179163 -0.009233486 0.999545038
1649437030057747456.000000 -0.710848749 -0.679607928 1.884544611 0.014473294 0.026554314 -0.009494212 0.999497473
1649437030178369536.000000 -0.726065099 -0.697905004 1.933264494 0.014743875 0.028684173 -0.009448621 0.999435127
1649437030298894592.000000 -0.740040004 -0.716315150 1.982279420 0.014809165 0.029702585 -0.008074887 0.999416471
1649437030417338112.000000 -0.754863501 -0.734378457 2.030943155 0.016222844 0.030128479 -0.007436358 0.999386728
1649437030537148160.000000 -0.770967484 -0.752781630 2.081374884 0.016489156 0.030357668 -0.007606207 0.999374092
1649437030655972608.000000 -0.786523104 -0.770845652 2.131603003 0.015863068 0.030067645 -0.007604079 0.999393046
1649437030776354048.000000 -0.802537560 -0.789013684 2.182367563 0.016082730 0.029776689 -0.008026738 0.999394953
1649437030896286720.000000 -0.818117678 -0.807335436 2.230984688 0.015406133 0.030175906 -0.008222114 0.999392033
1649437031014185216.000000 -0.832836211 -0.825344920 2.280714989 0.014741548 0.029930627 -0.008015088 0.999411106
1649437031133374464.000000 -0.848745704 -0.843313336 2.330641270 0.015197203 0.030531239 -0.007893171 0.999387085
1649437031254441472.000000 -0.863845468 -0.861187577 2.379907370 0.014381998 0.030774210 -0.007158638 0.999397278
1649437031373035520.000000 -0.878156424 -0.878772855 2.428744078 0.013594270 0.031008899 -0.006101443 0.999408066
1649437031492585984.000000 -0.892164290 -0.896428406 2.477683067 0.013533918 0.031908367 -0.004792748 0.999387681
1649437031612681472.000000 -0.906799614 -0.914658427 2.524797916 0.013333327 0.033197511 -0.004019513 0.999351799
1649437031733588224.000000 -0.920638919 -0.932812870 2.575139523 0.014210885 0.033120293 -0.002619189 0.999346912
1649437031851953152.000000 -0.935704231 -0.951338291 2.624063253 0.012872001 0.033779453 -0.000972403 0.999345958
1649437031970108416.000000 -0.948614120 -0.967782080 2.670450211 0.010690050 0.033997089 -0.000075822 0.999364734
1649437032088558592.000000 -0.963394701 -0.984945059 2.718955755 0.008791332 0.034269877 -0.000281822 0.999373913
1649437032206177536.000000 -0.976796627 -1.001785398 2.767058849 0.006842212 0.033620629 0.000359429 0.999411166
1649437032332320512.000000 -0.991143107 -1.018778801 2.815357924 0.005374109 0.033167258 0.000835927 0.999435008
1649437032451712512.000000 -1.006122351 -1.036322832 2.866071224 0.004986756 0.033551425 0.001674048 0.999423146
1649437032569580032.000000 -1.020811319 -1.052843928 2.914560318 0.005137553 0.034412462 0.001484974 0.999393404
1649437032690311936.000000 -1.034631252 -1.070201397 2.962108850 0.005885613 0.034466714 0.001231550 0.999387741
1649437032812024576.000000 -1.048237681 -1.087324500 3.011523724 0.006582932 0.034482572 0.002129507 0.999381304
1649437032945159680.000000 -1.062608957 -1.104879141 3.061022758 0.006894662 0.034670502 0.002413290 0.999372125
1649437033083603200.000000 -1.078297257 -1.125027776 3.116904259 0.008461687 0.033779822 0.001922099 0.999391615
1649437033206209280.000000 -1.094606519 -1.144862890 3.171522141 0.010778067 0.033843379 0.001613620 0.999367714
1649437033326999040.000000 -1.109187245 -1.162726045 3.220216036 0.013661784 0.033055823 0.002098500 0.999357939
1649437033447738880.000000 -1.122024894 -1.180824757 3.268871784 0.015064001 0.031238548 0.002554762 0.999395132
1649437033567479552.000000 -1.137393832 -1.197599649 3.316119909 0.016391775 0.030727996 0.002544650 0.999390125
1649437033687253504.000000 -1.152438879 -1.215748549 3.362834454 0.017859749 0.030164983 0.001983708 0.999383390
1649437033809300736.000000 -1.166897297 -1.233180165 3.406995773 0.018171322 0.029604087 0.001494052 0.999395370
1649437033929318656.000000 -1.181843281 -1.250572920 3.454569340 0.016532890 0.028021472 0.002268207 0.999468029
1649437034050441472.000000 -1.195866704 -1.266583204 3.499019861 0.014270006 0.025876362 0.002125786 0.999561012
1649437034174369536.000000 -1.210085630 -1.282896042 3.544705153 0.011988416 0.024253495 0.001197705 0.999633253
1649437034294875904.000000 -1.225165606 -1.299049616 3.588015556 0.009011681 0.022258479 0.000340945 0.999711573
1649437034417575936.000000 -1.241719723 -1.314504266 3.633381605 0.007920101 0.020581190 -0.000174662 0.999756813
1649437034542903808.000000 -1.257823467 -1.332088351 3.681946039 0.007695075 0.018289011 -0.000797685 0.999802828
1649437034666497024.000000 -1.274901986 -1.349064827 3.730955839 0.007204126 0.016332448 -0.002024327 0.999838591
1649437034787068416.000000 -1.290983558 -1.364435554 3.774648905 0.007078226 0.015054096 -0.003423620 0.999855757
1649437034911821824.000000 -1.306731343 -1.380820274 3.820486784 0.006759764 0.013316164 -0.003630314 0.999881923
1649437035034359552.000000 -1.323981881 -1.396731734 3.869287252 0.006855759 0.012132759 -0.005120164 0.999889791
1649437035159011584.000000 -1.340488434 -1.412759781 3.913718462 0.007166244 0.011743745 -0.005389050 0.999890864
1649437035279523840.000000 -1.356967449 -1.429148197 3.960139751 0.007492020 0.011335175 -0.004894157 0.999895692
1649437035400198656.000000 -1.372809052 -1.445160627 4.003357887 0.007770915 0.011429045 -0.005054536 0.999891698
1649437035521776384.000000 -1.388662934 -1.461388350 4.049257278 0.009369834 0.010873526 -0.004924694 0.999884844
1649437035643559424.000000 -1.404898763 -1.477679133 4.094837189 0.011356588 0.010082811 -0.004788811 0.999873221
1649437035763531008.000000 -1.421171308 -1.493534565 4.137574196 0.011964975 0.010249333 -0.005452950 0.999861002
1649437035883645440.000000 -1.436621547 -1.508613944 4.179671764 0.012749265 0.010251582 -0.005796572 0.999849379
1649437036003616000.000000 -1.452832699 -1.523713827 4.223015785 0.012741058 0.010225954 -0.006484947 0.999845505
1649437036124931584.000000 -1.467478156 -1.538338900 4.264842033 0.011867165 0.009553271 -0.007412313 0.999856472
1649437036244729088.000000 -1.483566999 -1.554389954 4.310067654 0.011196849 0.010556800 -0.008323988 0.999846935
1649437036366056960.000000 -1.498992205 -1.570613027 4.352581024 0.010290225 0.012495000 -0.008425368 0.999833465
1649437036486194176.000000 -1.513565063 -1.586688399 4.395298958 0.009809419 0.014085805 -0.008385540 0.999817491
1649437036606588416.000000 -1.527912021 -1.602354288 4.438839436 0.009980901 0.015416034 -0.008934799 0.999791443
1649437036729142272.000000 -1.541974068 -1.616974831 4.480133533 0.009875008 0.017102463 -0.009143261 0.999763191
1649437036849137408.000000 -1.555813074 -1.632382393 4.522382736 0.010004571 0.018407824 -0.009354087 0.999736726
1649437036969581568.000000 -1.569612980 -1.647404432 4.565781593 0.009515194 0.019572355 -0.009532104 0.999717712
1649437037086610432.000000 -1.582491279 -1.661813259 4.606739998 0.008694498 0.020345623 -0.009357223 0.999711394
1649437037204242176.000000 -1.595885754 -1.676001549 4.646688938 0.009471820 0.021457430 -0.009652841 0.999678314
1649437037322780928.000000 -1.608632565 -1.690028429 4.686606407 0.009551524 0.022243617 -0.009651638 0.999660373
1649437037440918528.000000 -1.621005893 -1.704161882 4.725884438 0.008674722 0.022435745 -0.009273408 0.999667645
1649437037560443904.000000 -1.633529305 -1.718275905 4.764398575 0.008703704 0.022218704 -0.009125767 0.999673605
1649437037680775424.000000 -1.645953655 -1.731955409 4.802861214 0.008606851 0.022395568 -0.009048653 0.999671161
1649437037800436992.000000 -1.657903433 -1.745087743 4.839091778 0.007978322 0.022555260 -0.009148566 0.999671936
1649437037917879296.000000 -1.669801593 -1.757711768 4.874510288 0.009070975 0.022873182 -0.009361275 0.999653399
1649437038039209472.000000 -1.681427360 -1.770206690 4.908555031 0.009849641 0.023228588 -0.009625405 0.999635339
1649437038157764096.000000 -1.692237616 -1.782818675 4.942381859 0.010237426 0.023353217 -0.009273035 0.999631822
1649437038275442688.000000 -1.702825069 -1.794791341 4.975039005 0.010685658 0.023721883 -0.008003362 0.999629438
1649437038394767104.000000 -1.712674499 -1.806756854 5.007091999 0.011229687 0.023958005 -0.007035880 0.999625146
1649437038511694080.000000 -1.722795963 -1.818560719 5.038392067 0.012053965 0.024624584 -0.007122465 0.999598742
1649437038628496128.000000 -1.732089043 -1.829193354 5.067158699 0.012085517 0.025276503 -0.007069021 0.999582410
1649437038743901696.000000 -1.741296053 -1.840096831 5.096636772 0.012456806 0.025804607 -0.006986232 0.999564946
1649437038860655872.000000 -1.749793768 -1.850604773 5.124066353 0.013431869 0.026402215 -0.006539370 0.999539733
1649437038976928256.000000 -1.757901907 -1.861019373 5.150929451 0.014526863 0.027203444 -0.006087691 0.999505818
1649437039097997056.000000 -1.766024351 -1.871673226 5.177473068 0.015718497 0.028268211 -0.005600783 0.999461055
1649437039214307584.000000 -1.774081707 -1.881261587 5.202974796 0.015875375 0.029105019 -0.005255648 0.999436438
1649437039330558464.000000 -1.781412840 -1.890635252 5.228035927 0.016890626 0.029255264 -0.004604965 0.999418676
1649437039447341056.000000 -1.789165735 -1.899485588 5.252261639 0.016947316 0.029719194 -0.004912393 0.999402523
1649437039563578112.000000 -1.796184301 -1.907854795 5.276751518 0.015836585 0.029735601 -0.005034219 0.999419630
1649437039680163328.000000 -1.803128719 -1.915677905 5.299607754 0.013256751 0.030236235 -0.004929319 0.999442697
1649437039796070656.000000 -1.808707237 -1.922504306 5.321679115 0.008222464 0.029892024 -0.003733467 0.999512374
1649437039912913920.000000 -1.814523935 -1.930301428 5.343461037 0.004945333 0.029633025 -0.002073056 0.999546468
1649437040028620800.000000 -1.820355177 -1.938234210 5.362934589 0.005457661 0.030200299 -0.001087718 0.999528348
1649437040143159808.000000 -1.825338364 -1.945061684 5.380298138 0.004677731 0.030810656 -0.001540464 0.999513090
1649437040258030592.000000 -1.829614282 -1.950955153 5.396434307 0.004242952 0.031508774 -0.001831587 0.999492764
1649437040373549824.000000 -1.833608627 -1.956133366 5.410093307 0.003579780 0.032341719 -0.001501100 0.999469340
1649437040487007488.000000 -1.837491751 -1.960195541 5.423141956 0.002591062 0.032948740 -0.002178130 0.999451280
1649437040601618432.000000 -1.841024518 -1.963780999 5.435137272 0.002284106 0.033266973 -0.003050730 0.999439240
1649437040716369664.000000 -1.843895078 -1.967041254 5.445269585 0.003213328 0.033816434 -0.003037429 0.999418259
1649437040830497536.000000 -1.846544385 -1.970469594 5.453568459 0.004206102 0.034304731 -0.002513317 0.999399424
1649437040946270720.000000 -1.848668575 -1.973280907 5.461550236 0.005794788 0.034111589 -0.002304147 0.999398589
1649437041060790784.000000 -1.851063013 -1.975781083 5.468472481 0.007621746 0.034535781 -0.002251360 0.999371886
1649437041174148096.000000 -1.852626085 -1.977969050 5.474273205 0.008036179 0.034841094 -0.002134842 0.999358296
1649437041289391104.000000 -1.854031801 -1.979822159 5.479218960 0.007680436 0.034648247 -0.002237297 0.999367535
1649437041404238848.000000 -1.855186462 -1.981429338 5.483330727 0.007634662 0.034702506 -0.002021387 0.999366462
1649437041519311872.000000 -1.856090546 -1.982629538 5.486837864 0.007720378 0.034709763 -0.001778593 0.999366045
1649437041633545472.000000 -1.856726646 -1.983662486 5.489520550 0.007715072 0.034526743 -0.001500323 0.999372840
1649437041748633088.000000 -1.857184887 -1.984430790 5.491505146 0.007597985 0.034532737 -0.001260586 0.999373853
1649437041862936064.000000 -1.857536435 -1.985000253 5.492536545 0.007515380 0.034578446 -0.001202457 0.999373019
1649437041977425664.000000 -1.857485533 -1.984899998 5.493390560 0.007828117 0.034324717 -0.001079304 0.999379456
1649437042091301632.000000 -1.857512593 -1.984959126 5.492878437 0.008336920 0.034643367 -0.001136515 0.999364316
1649437042204841216.000000 -1.857772112 -1.985224247 5.492607594 0.009564362 0.034932535 -0.001210896 0.999343157
1649437042318856704.000000 -1.857607365 -1.985403061 5.492596149 0.010586810 0.034788974 -0.001147094 0.999337912
1649437042433648896.000000 -1.857902765 -1.985316038 5.492787361 0.010384713 0.034986518 -0.001115769 0.999333203
1649437042549271296.000000 -1.857526183 -1.985391855 5.492775917 0.010051057 0.034654200 -0.001146140 0.999348104
1649437042662995200.000000 -1.857874751 -1.985342383 5.492629528 0.010622539 0.035034407 -0.001166515 0.999328911
1649437042777770240.000000 -1.857991457 -1.985353351 5.492634296 0.010397281 0.035115361 -0.001142972 0.999328494
1649437042892123136.000000 -1.857919455 -1.985485077 5.492522717 0.010203472 0.035091009 -0.001158069 0.999331355
1649437043006662144.000000 -1.857888222 -1.985460877 5.492558002 0.010341837 0.035055250 -0.001059038 0.999331295
1649437043121936128.000000 -1.857969165 -1.985337496 5.492585659 0.010406497 0.035150539 -0.001020290 0.999327302
1649437043236922112.000000 -1.858061314 -1.985381126 5.492496967 0.010421054 0.035227641 -0.001275445 0.999324143
1649437043353500416.000000 -1.858040571 -1.985258579 5.492451668 0.010579798 0.035235655 -0.001199309 0.999322295
1649437043467853568.000000 -1.857967257 -1.985347748 5.492454529 0.010491658 0.035142209 -0.001243715 0.999326468
1649437043581394176.000000 -1.857936621 -1.985304236 5.492514610 0.010483388 0.035115816 -0.001217150 0.999327481
1649437043697572864.000000 -1.857965708 -1.985322237 5.492539406 0.010531862 0.035121549 -0.001251802 0.999326766
1649437043811686144.000000 -1.858096361 -1.985313177 5.492322445 0.010575996 0.035320800 -0.001328720 0.999319196
1649437043927457536.000000 -1.858023405 -1.985450745 5.492342949 0.010309719 0.035236903 -0.001109794 0.999325216
1649437044042686720.000000 -1.858031988 -1.985342860 5.492490292 0.010421803 0.035218731 -0.001128984 0.999324620
1649437044157610752.000000 -1.857874513 -1.985357523 5.492629528 0.010390060 0.035011023 -0.001143496 0.999332249
1649437044274728704.000000 -1.857775211 -1.985435367 5.492432117 0.010313177 0.034968290 -0.001091361 0.999334574
1649437044391103488.000000 -1.858009577 -1.985373259 5.492452621 0.010455716 0.035180721 -0.001192400 0.999325573
1649437044507360512.000000 -1.857987881 -1.985374689 5.492447853 0.010406944 0.035178941 -0.001077023 0.999326229
1649437044621875968.000000 -1.858126879 -1.985251307 5.492371559 0.010631136 0.035324190 -0.001313897 0.999318480
1649437044737198336.000000 -1.858004689 -1.985337853 5.492432117 0.010454580 0.035188533 -0.001182359 0.999325275
1649437044854008320.000000 -1.858097434 -1.985395074 5.492360592 0.010409538 0.035288896 -0.001248864 0.999322116
1649437044970091008.000000 -1.857854009 -1.985397816 5.492525578 0.010362364 0.035000388 -0.001159707 0.999332905
1649437045089196800.000000 -1.857954025 -1.985372663 5.492535114 0.010435800 0.035117038 -0.001170983 0.999328017
1649437045205085696.000000 -1.858017087 -1.985349536 5.492570400 0.010481151 0.035173804 -0.001234019 0.999325454
1649437045320622592.000000 -1.857833147 -1.985432029 5.492586613 0.010322032 0.034968697 -0.001100317 0.999334514
1649437045436900864.000000 -1.857796669 -1.985414267 5.492619514 0.010372583 0.034958981 -0.001172546 0.999334216
1649437045551749376.000000 -1.857884407 -1.985449433 5.492579937 0.010282492 0.035070363 -0.001099776 0.999331295
1649437045671014912.000000 -1.857880235 -1.985391140 5.492534637 0.010383152 0.035050634 -0.001197467 0.999330878
1649437045790224384.000000 -1.857883453 -1.985472679 5.492523193 0.010314021 0.035038933 -0.001223197 0.999331951
1649437045907845120.000000 -1.857661963 -1.985496998 5.492523670 0.010279789 0.034834646 -0.001154467 0.999339521
1649437046024504832.000000 -1.857900739 -1.985442281 5.492511272 0.010319122 0.035072275 -0.001206689 0.999330759
1649437046140658176.000000 -1.857874274 -1.985551596 5.492428303 0.010147523 0.035063516 -0.001145729 0.999332905
1649437046256685824.000000 -1.857744575 -1.985613585 5.492779732 0.010144662 0.034788951 -0.001101403 0.999342561
1649437046371921920.000000 -1.857686281 -1.985625148 5.492727280 0.010148922 0.034763519 -0.001045838 0.999343455
1649437046488079104.000000 -1.857794523 -1.985681295 5.492860794 0.010151833 0.034811888 -0.001182147 0.999341607
1649437046604753664.000000 -1.857790232 -1.985668421 5.492844582 0.010107979 0.034797996 -0.001014094 0.999342740
1649437046720455168.000000 -1.857794404 -1.985643625 5.492832184 0.010162616 0.034838919 -0.001159235 0.999340594
1649437046836793344.000000 -1.857713699 -1.985520482 5.493077278 0.010154337 0.034789503 -0.000892431 0.999342680
1649437046953720064.000000 -1.857716322 -1.985494971 5.493061543 0.010160787 0.034818582 -0.000863068 0.999341607
1649437047069588480.000000 -1.857835174 -1.985568047 5.492815018 0.010218224 0.034945786 -0.001099307 0.999336362
1649437047187163904.000000 -1.857884407 -1.985620141 5.492888927 0.010205476 0.034937359 -0.001023145 0.999336839
1649437047304149504.000000 -1.858018279 -1.985687375 5.492726803 0.010302114 0.035123333 -0.001168555 0.999329209
1649437047419756288.000000 -1.858095884 -1.985741258 5.492846489 0.010555116 0.035162967 -0.001277767 0.999325037
1649437047537199360.000000 -1.858223438 -1.985926747 5.493096352 0.010620341 0.035119120 -0.001142516 0.999326050
1649437047654746112.000000 -1.858447790 -1.986167431 5.493447304 0.010642323 0.035285652 -0.001194939 0.999319851
1649437047771203584.000000 -1.858767629 -1.986482024 5.493917465 0.010689639 0.035463188 -0.001200462 0.999313116
1649437047886305280.000000 -1.859170437 -1.986891508 5.494510174 0.010579453 0.035670206 -0.001256144 0.999306798
1649437048003475712.000000 -1.858966947 -1.987044454 5.496196270 0.010640374 0.035124339 -0.000904913 0.999325871
1649437048119840000.000000 -1.859546423 -1.987676382 5.497110367 0.010462986 0.035365231 -0.001036361 0.999319136
1649437048234916608.000000 -1.859939337 -1.988053441 5.497638702 0.010575531 0.035741929 -0.001287907 0.999304295
1649437048349452544.000000 -1.860474110 -1.988565803 5.498460293 0.010544660 0.036004998 -0.001436346 0.999294937
1649437048464945408.000000 -1.861009479 -1.989139199 5.499290466 0.010334675 0.036207117 -0.001385946 0.999289930
1649437048579273984.000000 -1.861425996 -1.989619374 5.499947548 0.010473872 0.036586031 -0.001901710 0.999273837
1649437048694432768.000000 -1.861748338 -1.989956856 5.500418663 0.010469518 0.036684368 -0.001927589 0.999270201
1649437048808174080.000000 -1.862249136 -1.990471125 5.501165390 0.010006667 0.036713906 -0.001727333 0.999274254
1649437048923470336.000000 -1.862548590 -1.990760088 5.501626492 0.009790558 0.036746871 -0.001760489 0.999275088
1649437049041588736.000000 -1.862800479 -1.991021991 5.501996994 0.009464155 0.036786370 -0.001354637 0.999277413
1649437049157924608.000000 -1.862714291 -1.990938663 5.501873016 0.009797523 0.036938798 -0.001814129 0.999267876
1649437049273460992.000000 -1.862715960 -1.990952492 5.501859665 0.009945904 0.036947526 -0.001564084 0.999266505
1649437049388092928.000000 -1.862792611 -1.991020679 5.501998901 0.010176484 0.036860522 -0.001277809 0.999267817
1649437049502173184.000000 -1.862665534 -1.990882874 5.501773834 0.010202493 0.036830664 -0.001604779 0.999268174
1649437049616038912.000000 -1.862698197 -1.990942001 5.501852989 0.009970212 0.036994360 -0.001608813 0.999264419
1649437049730948608.000000 -1.862690449 -1.990912557 5.501834869 0.010316544 0.036879733 -0.001589585 0.999265194
1649437049845721856.000000 -1.862614036 -1.990831375 5.501709938 0.010221662 0.036858384 -0.001536989 0.999267042
1649437049959440640.000000 -1.862610817 -1.990838528 5.501701832 0.010175767 0.036949154 -0.001703368 0.999263883
1649437050074916096.000000 -1.862748384 -1.990985870 5.501939774 0.010047727 0.036780976 -0.001465958 0.999271750
1649437050189396480.000000 -1.862746000 -1.990978241 5.501924515 0.009978433 0.036625497 -0.001352427 0.999278307
1649437050306416896.000000 -1.862694144 -1.990930319 5.501850605 0.009961764 0.036648408 -0.001387073 0.999277592
1649437050421241088.000000 -1.862730503 -1.990966558 5.501901627 0.009992928 0.036677308 -0.001406828 0.999276221
1649437050538474240.000000 -1.862726212 -1.990971327 5.501905918 0.009953845 0.036625646 -0.001422225 0.999278486
1649437050654472704.000000 -1.862622023 -1.990879059 5.501771450 0.010083945 0.036556553 -0.001621188 0.999279380
1649437050771056640.000000 -1.862655759 -1.990919828 5.501819611 0.010034701 0.036451645 -0.001593240 0.999283731
1649437050886587904.000000 -1.862629652 -1.990890384 5.501785278 0.009993093 0.036390942 -0.001471592 0.999286592
1649437051002227968.000000 -1.862703204 -1.990959644 5.501888275 0.009934614 0.036410473 -0.001344237 0.999286652
1649437051118663936.000000 -1.862659454 -1.990902901 5.501802921 0.010086202 0.036586538 -0.001482709 0.999278486
1649437051233155840.000000 -1.862698436 -1.990934134 5.501852989 0.009983803 0.036613826 -0.001347004 0.999278724
1649437051352901632.000000 -1.862603903 -1.990859509 5.501729012 0.009963597 0.036286648 -0.001386520 0.999290824
1649437051468585728.000000 -1.862694621 -1.990941048 5.501859665 0.009913741 0.036487874 -0.001230466 0.999284148
1649437051585194752.000000 -1.862550497 -1.990905643 5.502456665 0.009813561 0.036285352 -0.000912238 0.999292850
1649437051702858496.000000 -1.862546444 -1.990890503 5.502437592 0.009808574 0.036384720 -0.000890602 0.999289334
1649437051821671680.000000 -1.862540483 -1.990885973 5.502425194 0.009838527 0.036406904 -0.000924835 0.999288201
1649437051935652864.000000 -1.862510204 -1.990851164 5.502370834 0.009888784 0.036418859 -0.000992985 0.999287188
1649437052049684736.000000 -1.862564564 -1.990885496 5.502434731 0.009856525 0.036501255 -0.001053376 0.999284446
1649437052163317760.000000 -1.862546682 -1.990883708 5.502420902 0.009947672 0.036575176 -0.001091168 0.999280751
1649437052282855424.000000 -1.862534404 -1.990860701 5.502392292 0.010027879 0.036614917 -0.001165035 0.999278426
1649437052396046848.000000 -1.862526417 -1.990863562 5.502399445 0.010001406 0.036574651 -0.001197370 0.999280155
1649437052511586048.000000 -1.862586737 -1.990927696 5.502485752 0.009916892 0.036623556 -0.001113740 0.999279320
1649437052626460416.000000 -1.862594008 -1.990916252 5.502476692 0.009984263 0.036658544 -0.001037477 0.999277413
1649437052742095872.000000 -1.862772942 -1.991007209 5.501955986 0.010280797 0.036853008 -0.001489196 0.999266684
1649437052856940544.000000 -1.862797141 -1.991027236 5.501988411 0.010304841 0.036774781 -0.001550841 0.999269247
1649437052971524352.000000 -1.862775326 -1.991101742 5.502756596 0.010324487 0.036771607 -0.001261405 0.999269545
1649437053089626624.000000 -1.863201618 -1.991423368 5.502571583 0.010277787 0.036931258 -0.001536295 0.999263763
1649437053204994048.000000 -1.863418102 -1.991685033 5.502954483 0.010514913 0.037118517 -0.001778298 0.999253988
1649437053320244480.000000 -1.862569332 -1.991528749 5.508293629 0.010387650 0.035310153 -0.000428468 0.999322355
1649437053437862144.000000 -1.863013387 -1.991965652 5.508913994 0.010289482 0.035501983 -0.000530340 0.999316514
1649437053553463296.000000 -1.863426447 -1.992472649 5.509612560 0.010101000 0.035623077 -0.000523605 0.999314129
1649437053667809024.000000 -1.862773895 -1.992799163 5.514187813 0.009984831 0.034209304 0.000509688 0.999364674
1649437053781239296.000000 -1.863323808 -1.993352413 5.515013695 0.010047684 0.034253616 0.000230029 0.999362648
1649437053895987456.000000 -1.863838673 -1.993880033 5.515764236 0.010228219 0.034488250 -0.000025329 0.999352753
1649437054012936704.000000 -1.864711761 -1.994817495 5.517189980 0.010009448 0.035117984 0.000099061 0.999333024
1649437054127584000.000000 -1.865681291 -1.995810032 5.518627644 0.009935129 0.035464901 0.000167181 0.999321520
1649437054242153216.000000 -1.866813660 -1.996981263 5.520318508 0.010080928 0.036015790 0.000157114 0.999300361
1649437054357581568.000000 -1.866852403 -1.998009443 5.525863647 0.010567543 0.035349127 0.000271812 0.999319077
1649437054476514304.000000 -1.868128300 -1.999325514 5.527755260 0.011022271 0.036054555 0.000193920 0.999289036
1649437054593178880.000000 -1.869870663 -2.001158237 5.530382156 0.011310561 0.036884256 -0.000667380 0.999255300
1649437054709235456.000000 -1.871571302 -2.003131628 5.533198357 0.011331961 0.037289679 -0.001111514 0.999239624
1649437054823012352.000000 -1.873504639 -2.005113840 5.536090851 0.011255125 0.038233772 -0.001787275 0.999203801
1649437054944506368.000000 -1.875445843 -2.007135868 5.538967133 0.012059513 0.039781477 -0.004353232 0.999126136
1649437055061613824.000000 -1.878005624 -2.009976625 5.542976379 0.012377993 0.041317336 -0.005538783 0.999054074
1649437055177821184.000000 -1.880257845 -2.012319803 5.546388626 0.014176135 0.043209765 -0.007729887 0.998935521
1649437055293570048.000000 -1.883211255 -2.015411615 5.550841331 0.015600288 0.045533966 -0.009894418 0.998791933
1649437055410427904.000000 -1.886527419 -2.018849373 5.555838108 0.016625196 0.048051871 -0.012565453 0.998627424
1649437055524784384.000000 -1.889916897 -2.022235632 5.560852051 0.018124644 0.050528999 -0.013904423 0.998461306
1649437055640483328.000000 -1.888641834 -2.025749683 5.569670677 0.017034739 0.048200257 -0.011097508 0.998630762
1649437055757509888.000000 -1.892787457 -2.029294968 5.576703072 0.018259957 0.050963096 -0.014723767 0.998425007
1649437055873062912.000000 -1.891652346 -2.034632444 5.588997364 0.016449450 0.048377063 -0.010931703 0.998633862
1649437055989095168.000000 -1.894027710 -2.035537004 5.625781059 0.014556076 0.040082105 0.001598131 0.999089062
1649437056105067520.000000 -1.897675276 -2.039016724 5.634389400 0.014999904 0.041574840 0.001339627 0.999021888
1649437056221208832.000000 -1.899415970 -2.042898178 5.645464897 0.013719188 0.041035578 0.003586308 0.999057055
1649437056340013312.000000 -1.901686430 -2.047198772 5.656214714 0.013645728 0.041960474 0.004304689 0.999016821
1649437056458708224.000000 -1.905387640 -2.051584959 5.667255402 0.015337743 0.043227538 0.002822997 0.998943508
1649437056575544832.000000 -1.908729553 -2.056091547 5.678348541 0.016595496 0.044206735 0.001701788 0.998883128
1649437056690633472.000000 -1.911597252 -2.060323954 5.689049244 0.016534591 0.045353021 0.002936963 0.998829842
1649437056805372160.000000 -1.913921833 -2.064970970 5.700628757 0.016096091 0.045317914 0.004948402 0.998830676
1649437056923373568.000000 -1.916358829 -2.069483280 5.712141514 0.016769463 0.045856301 0.005321790 0.998793125
1649437057041060352.000000 -1.919634819 -2.073903322 5.723860741 0.017514726 0.046822894 0.004496072 0.998739541
1649437057156987648.000000 -1.923114777 -2.079034567 5.735277176 0.018610390 0.047625374 0.004544469 0.998681545
1649437057273492480.000000 -1.925195575 -2.083789587 5.746121407 0.019519996 0.047956537 0.006519372 0.998637378
1649437057391889920.000000 -1.928339362 -2.088878870 5.758438110 0.020006174 0.048260570 0.008091111 0.998601615
1649437057509453312.000000 -1.931112170 -2.092824459 5.769756317 0.019558080 0.048850253 0.009159319 0.998572648
1649437057625829376.000000 -1.933277607 -2.097053051 5.780522346 0.019252999 0.049079981 0.008945883 0.998569191
1649437057742323712.000000 -1.935798049 -2.101797104 5.791532040 0.019155599 0.048487358 0.008984675 0.998599708
1649437057858916864.000000 -1.938668728 -2.105948448 5.803413868 0.019156544 0.048144776 0.010407051 0.998602450
1649437057976780032.000000 -1.942205787 -2.109749079 5.816226482 0.019091902 0.047923133 0.011854723 0.998598158
1649437058094821632.000000 -1.945164680 -2.113886833 5.827610493 0.018074894 0.048184749 0.011142634 0.998612702
1649437058210624000.000000 -1.949333191 -2.117609024 5.840202332 0.017461404 0.047780145 0.008909303 0.998665512
1649437058326499328.000000 -1.951565862 -2.121508121 5.850948334 0.016727956 0.047284991 0.007964079 0.998709619
1649437058442081280.000000 -1.954127073 -2.125313997 5.862939358 0.016121702 0.046204638 0.009391377 0.998757720
1649437058557012224.000000 -1.956426263 -2.129089117 5.874244213 0.014789275 0.045241866 0.011231916 0.998803437
1649437058671984384.000000 -1.958734989 -2.132828951 5.884516716 0.013584813 0.044696040 0.011634601 0.998840511
1649437058787181312.000000 -1.961229563 -2.136545658 5.895278931 0.012656385 0.043714374 0.011011291 0.998903215
1649437058901707776.000000 -1.963279605 -2.140030146 5.905486107 0.011054482 0.042294353 0.010990129 0.998983622
1649437059017635584.000000 -1.966200709 -2.143464088 5.915342331 0.009871891 0.042366076 0.011893639 0.998982549
1649437059132542208.000000 -1.968542814 -2.147020817 5.923866272 0.010092793 0.042409964 0.011987116 0.998977423
1649437059247472640.000000 -1.971714973 -2.150450468 5.933351040 0.011679451 0.042255625 0.011491448 0.998972476
1649437059362819328.000000 -1.973901033 -2.153949261 5.942019939 0.011333539 0.041742019 0.011303857 0.999000192
1649437059477191424.000000 -1.975681543 -2.156916618 5.951154709 0.010005422 0.040660597 0.012303844 0.999047160
1649437059592684800.000000 -1.978319287 -2.160163403 5.960221291 0.009528095 0.040577214 0.012330743 0.999054849
1649437059707689216.000000 -1.980483890 -2.163330078 5.968134880 0.010352564 0.040466510 0.011904709 0.999056339
1649437059822928128.000000 -1.983588338 -2.166453600 5.976559639 0.011192595 0.041059833 0.011593666 0.999026716
1649437059938470912.000000 -1.985909343 -2.169554234 5.984813690 0.012116921 0.040752091 0.010835236 0.999037027
1649437060054722048.000000 -1.988766670 -2.173324108 5.993351936 0.012868212 0.041260231 0.010961119 0.999005437
1649437060170291456.000000 -1.991541862 -2.177005529 6.001787186 0.014241828 0.041356418 0.010652298 0.998986125
1649437060285569280.000000 -1.994632721 -2.180398941 6.010829926 0.015244629 0.040859565 0.010123404 0.998997271
1649437060400751360.000000 -1.998520613 -2.184130192 6.020492077 0.016516972 0.040400233 0.009618722 0.999000788
1649437060517347584.000000 -2.003401995 -2.187991142 6.031085014 0.017748797 0.039158773 0.009124708 0.999033689
1649437060632665856.000000 -2.008429289 -2.191368103 6.043724060 0.018808195 0.036068302 0.008195898 0.999138713
1649437060748249088.000000 -2.016032696 -2.195471287 6.056300640 0.020548953 0.033278584 0.006576825 0.999213159
1649437060863452416.000000 -2.024228334 -2.198161125 6.073960304 0.022810556 0.025595132 0.004910037 0.999400020
1649437060978577664.000000 -2.033485889 -2.201860666 6.090991497 0.024476901 0.017127577 0.003618162 0.999547124
1649437061094422272.000000 -2.043806076 -2.206337929 6.111499786 0.026950274 0.005138150 0.003817854 0.999616265
1649437061209701632.000000 -2.055007219 -2.210488558 6.132243156 0.030303877 -0.008427757 0.001661702 0.999503791
1649437061323465728.000000 -2.062587500 -2.215101957 6.155972481 0.034390066 -0.025942521 -0.000530284 0.999071598
1649437061439992576.000000 -2.075072050 -2.220050097 6.177115917 0.039799258 -0.041257318 -0.004033938 0.998347402
1649437061555297536.000000 -2.089619398 -2.224297285 6.201457977 0.044520952 -0.058872759 -0.005428821 0.997257411
1649437061671554048.000000 -2.104242563 -2.227932453 6.222593307 0.047437873 -0.076840289 -0.008243704 0.995880127
1649437061788295680.000000 -2.122686386 -2.233912468 6.243045330 0.049733564 -0.093351118 -0.012727427 0.994308889
1649437061905992192.000000 -2.143362761 -2.238434792 6.264284611 0.054802060 -0.111349165 -0.014890498 0.992157459
1649437062023686912.000000 -2.167378187 -2.243066549 6.286185265 0.062643610 -0.130791008 -0.014324834 0.989325166
1649437062140498176.000000 -2.194139242 -2.247071981 6.307895660 0.070339419 -0.152930588 -0.013934120 0.985632002
1649437062255231232.000000 -2.225495338 -2.246980190 6.330170631 0.077245958 -0.175985917 -0.016451513 0.981219351
1649437062369661184.000000 -2.257313728 -2.248024940 6.349469185 0.082041495 -0.200116262 -0.023653379 0.976044655
1649437062486891520.000000 -2.288913250 -2.250096798 6.366122723 0.089637198 -0.228399128 -0.031035252 0.968935430
1649437062603374592.000000 -2.319582939 -2.252230167 6.380052090 0.099989139 -0.260885179 -0.037676252 0.959438205
1649437062722933248.000000 -2.345723152 -2.254387379 6.387604237 0.107397966 -0.293212116 -0.049295399 0.948716164
1649437062839607040.000000 -2.367817879 -2.255762100 6.389806747 0.111093611 -0.326179296 -0.065603822 0.936462164
1649437062954533888.000000 -2.385150671 -2.256583214 6.385513306 0.113371961 -0.355600178 -0.083989017 0.923927009
1649437063074248192.000000 -2.399371624 -2.255963564 6.375383377 0.113439105 -0.383673191 -0.102435872 0.910732329
