1403636579763555840.000000 0.000000000 0.000000000 0.000000000 -0.000000000 -0.000000000 -0.000000000 1.000000000
1403636579913555712.000000 0.000074422 0.011268936 0.004248517 -0.005697552 0.005605573 -0.002965534 0.999963701
1403636579963555584.000000 -0.000068685 0.016014889 0.005658102 -0.011809442 0.005662617 -0.003015482 0.999909699
1403636580113555456.000000 -0.000483471 0.031188127 0.010137911 -0.023115408 0.005540218 0.001354260 0.999716580
1403636580263555840.000000 -0.000853251 0.045057740 0.013718610 -0.029688714 0.004527312 0.002196617 0.999546528
1403636580463555584.000000 -0.001443998 0.058320794 0.015883742 -0.055441305 0.003089539 -0.002645201 0.998453677
1403636580663555584.000000 -0.002164528 0.053657494 0.013910546 -0.072072335 0.000302494 -0.001463798 0.997398317
1403636584013555456.000000 0.002878297 0.054028414 0.015503875 -0.063950777 0.027095450 -0.011998953 0.997512996
1403636585113555456.000000 -0.000258184 -0.035750244 -0.004900310 0.016740941 0.049832787 -0.008641380 0.998579860
1403636586513555456.000000 0.001353682 0.022254154 -0.006846849 -0.194890320 0.044287670 0.013991931 0.979724765
1403636587713555456.000000 0.035572965 0.016562276 0.000303319 -0.192242309 0.037346303 0.018681280 0.980458677
1403636587913555712.000000 0.050473366 0.015302223 0.002096082 -0.186222613 0.051050059 0.027063042 0.980807185
1403636588113555456.000000 0.062790401 0.016416989 0.003230720 -0.203671828 0.065261692 0.031329270 0.976359129
1403636588413555712.000000 0.069744378 0.018091209 0.004066121 -0.199598148 0.061312519 0.033826336 0.977372587
1403636589763555840.000000 -0.028990025 0.020045750 -0.008300174 -0.192080930 0.014034231 0.009817824 0.981229663
1403636590013555456.000000 -0.046778951 0.023283547 -0.009612950 -0.201365113 -0.008156300 0.007238504 0.979455590
1403636590213555456.000000 -0.053517032 0.023371391 -0.010365270 -0.190257087 -0.018285681 0.006364634 0.981543362
1403636590663555584.000000 -0.034362327 0.021092156 -0.012859965 -0.186507031 0.004286287 0.001390608 0.982443333
1403636590913555712.000000 -0.012327160 0.020638688 -0.011796171 -0.196401030 0.013961989 0.008684964 0.980385780
1403636591213555456.000000 0.014794758 0.019999025 -0.009072914 -0.197235122 0.015408925 0.013474802 0.980142534
1403636591413555712.000000 0.028174829 0.020948630 -0.006590497 -0.201880544 0.022513356 0.017261999 0.978999197
1403636591613555456.000000 0.035864189 0.022936778 -0.002889524 -0.190982983 0.040714949 0.020265162 0.980539203
1403636591813555456.000000 0.039485715 0.023365160 0.001108464 -0.150098816 0.064963542 0.017997995 0.986370206
1403636592063555840.000000 0.043511294 0.021509102 0.005811633 -0.142565444 0.088173039 0.030707572 0.985371828
1403636592363555584.000000 0.050553553 0.017935125 0.018849678 -0.167201161 0.101248451 0.045914721 0.979634821
1403636593713555456.000000 -0.029855492 0.030638838 -0.005682678 -0.192712501 -0.079107530 0.006462556 0.978039920
1403636593963555584.000000 -0.010073097 0.036512703 -0.020155447 -0.185184300 0.008487531 0.044136193 0.981675446
1403636594213555456.000000 0.017512469 0.036224630 -0.022280682 -0.173604578 0.098126717 0.071149215 0.977328181
1403636594513555456.000000 0.050346605 0.030317621 -0.002704365 -0.162767366 0.140908852 0.063774467 0.974466205
1403636595763555840.000000 -0.007025718 0.035062704 0.005657887 -0.164632365 -0.058934979 -0.010860807 0.984532833
1403636596013555456.000000 0.019929871 0.041378275 -0.005986668 -0.168042377 0.019319890 0.003880514 0.985582829
1403636596263555840.000000 0.027430780 0.045783758 -0.021635905 -0.172774568 0.064345665 0.026728339 0.982493877
1403636596513555456.000000 0.010228644 0.046661858 -0.040730346 -0.160199270 0.065444648 0.024112543 0.984617591
1403636596813555456.000000 -0.003946766 0.047496080 -0.050115678 -0.158406243 0.060322236 0.013115766 0.985442400
1403636597263555840.000000 0.007906159 0.035707228 -0.008252555 -0.175075904 0.042819157 -0.003502476 0.983617127
1403636598363555584.000000 -0.004381368 0.041578189 -0.004081993 -0.186324894 -0.063024469 -0.056629267 0.978827953
1403636598663555584.000000 0.002411312 0.046403315 0.007151706 -0.165297300 -0.065921135 -0.058706403 0.982285500
1403636598963555584.000000 0.007381074 0.051479466 0.029375622 -0.101699352 -0.091279909 -0.051310260 0.989288867
1403636599213555456.000000 0.009223234 0.056333959 0.040701453 -0.046302997 -0.103162512 -0.042672183 0.992669463
1403636610913555712.000000 0.011549746 0.062251206 0.051402554 0.019130826 -0.085662618 -0.019248351 0.995954514
1403636613113555456.000000 0.011699072 0.062309206 0.051407028 0.019560300 -0.085576594 -0.019444853 0.995949805
1403636624163555584.000000 0.011772958 0.062186286 0.051461790 0.018998716 -0.082858458 -0.017920267 0.996219039
1403636624413555712.000000 0.012523949 0.062380694 0.050982583 0.007366742 -0.078454830 -0.020067669 0.996688485
1403636624963555584.000000 0.025221797 0.063700482 0.042496409 -0.019399244 -0.058565110 -0.061363269 0.996206999
1403636625263555840.000000 0.029736720 0.051823050 0.031976096 -0.034334607 -0.061715115 -0.059098415 0.995750844
1403636625613555456.000000 0.029596135 0.050325438 0.032015696 -0.035730772 -0.066870242 -0.056850445 0.995499730
1403636628013555456.000000 0.052108843 -0.006055605 0.024409773 -0.041375708 -0.031618737 -0.039815214 0.997849226
1403636628463555584.000000 0.060487673 -0.025966004 0.030141501 -0.003237309 -0.025068184 -0.016864292 0.999538243
1403636628863555584.000000 0.077109851 -0.034180034 0.034376252 -0.015573610 -0.014896195 -0.022792086 0.999507904
1403636629313555456.000000 0.101737723 -0.045121919 0.044414677 -0.022687560 0.021087103 -0.015406646 0.999401450
1403636629713555456.000000 0.128340423 -0.045625493 0.062449038 -0.024559503 0.069097988 0.014096878 0.997207880
1403636630063555840.000000 0.158900931 -0.038097382 0.086450092 -0.034544680 0.135685310 0.030810539 0.989670098
1403636630563555840.000000 0.202094913 -0.058010306 0.120945893 -0.014126691 0.156894267 0.027832443 0.987122059
1403636630863555584.000000 0.225644708 -0.075081900 0.141678214 -0.018162254 0.149587154 0.023836348 0.988294303
1403636632163555584.000000 0.313208610 -0.095970914 0.248097926 -0.009233674 0.142585486 0.010487411 0.989683867
1403636632863555584.000000 0.337088227 -0.098131448 0.306095898 -0.027938167 0.086737864 0.017249068 0.995689929
1403636633163555584.000000 0.349540979 -0.106652915 0.333252668 -0.016796879 0.041263234 -0.019423187 0.998818278
1403636633463555584.000000 0.360248536 -0.110940672 0.364723533 -0.025084820 0.024268480 -0.014104582 0.999291182
1403636633763555840.000000 0.370529681 -0.114092574 0.400835603 -0.031362992 0.029604930 -0.008754554 0.999031186
1403636634363555584.000000 0.400829703 -0.143815592 0.477207959 -0.020132553 0.034458026 -0.006072031 0.999184906
1403636634713555456.000000 0.423401326 -0.160464346 0.525238037 -0.004658552 0.024900701 -0.021895202 0.999439299
1403636635063555840.000000 0.440686554 -0.176455751 0.568429232 -0.016536361 0.003706329 -0.031430312 0.999362290
1403636635413555712.000000 0.454365194 -0.191160098 0.613884807 -0.026821440 -0.007839727 -0.025195157 0.999291956
1403636635713555456.000000 0.467085540 -0.209422767 0.653692186 -0.023995860 -0.009432482 -0.017080326 0.999521613
1403636636113555456.000000 0.489460409 -0.249922931 0.705031335 -0.031517342 -0.006364336 -0.013934111 0.999385834
1403636636463555584.000000 0.514215052 -0.291411370 0.751657784 0.008962608 -0.001217545 -0.030886475 0.999481976
1403636636863555584.000000 0.537641406 -0.318137288 0.798295617 0.011203032 0.009482794 -0.063414559 0.997879326
1403636637263555840.000000 0.544887185 -0.321724415 0.836407840 -0.012361135 -0.005925439 -0.033511031 0.999344349
1403636637713555456.000000 0.547301173 -0.336846322 0.872759640 -0.021932025 -0.011564107 -0.032609928 0.999160588
1403636638063555840.000000 0.547266424 -0.362661839 0.899143100 -0.008536459 -0.014266000 -0.033367693 0.999304891
1403636638463555584.000000 0.547777414 -0.365748703 0.934374154 -0.033021525 -0.021018626 -0.018748526 0.999057710
1403636638813555456.000000 0.553589940 -0.370398670 0.972013295 -0.033323694 -0.018786814 -0.028610339 0.998858392
1403636639163555584.000000 0.562444150 -0.393966258 1.013803005 -0.022813873 -0.028315384 -0.003950797 0.999330878
1403636639913555712.000000 0.607767642 -0.399361014 1.123719811 -0.003056247 -0.021565132 -0.032538589 0.999233127
1403636640563555840.000000 0.637116373 -0.426553696 1.193867326 -0.003550448 -0.053158056 -0.049468301 0.997353792
1403636641213555456.000000 0.661129653 -0.437853575 1.248270869 -0.005461491 -0.055956233 -0.051389672 0.997094870
1403636641513555456.000000 0.669824481 -0.437275290 1.271680832 -0.005587167 -0.058215622 -0.038478967 0.997546554
1403636641713555456.000000 0.676224291 -0.438326418 1.285125494 -0.005300379 -0.054828934 -0.045504831 0.997444212
1403636642013555456.000000 0.684622228 -0.448518753 1.299329162 -0.002148550 -0.045763612 -0.043335143 0.998009622
1403636642863555584.000000 0.708963931 -0.454961985 1.326113701 -0.022894384 0.003387949 -0.022466609 0.999479651
1403636643313555456.000000 0.720367074 -0.461171210 1.341650963 -0.010463121 0.002111575 -0.019909304 0.999744833
1403636643763555840.000000 0.736822546 -0.472108781 1.356896996 -0.036310505 -0.002056359 -0.023074556 0.999072015
1403636644763555840.000000 0.783753335 -0.493163198 1.456654310 0.002016157 -0.006578157 -0.010346381 0.999922812
1403636645513555456.000000 0.842451334 -0.485302955 1.544432878 -0.042774480 0.005939317 -0.024603315 0.998764098
1403636645763555840.000000 0.860375583 -0.491802841 1.585062146 -0.035316635 0.006645596 -0.025620101 0.999025643
1403636646013555456.000000 0.877458036 -0.508352697 1.627523899 -0.027271319 0.008812798 -0.017788459 0.999430954
1403636646263555840.000000 0.896051884 -0.533240438 1.670489430 -0.010270514 0.047080174 0.012208852 0.998763740
1403636646513555456.000000 0.919697762 -0.551526845 1.712224841 0.011878593 0.111916207 0.030952137 0.993164480
1403636646963555584.000000 0.964481711 -0.590760887 1.766874552 0.006583710 0.157835245 0.033817064 0.986864269
1403636647363555584.000000 1.001359582 -0.617461324 1.804179430 -0.003916604 0.155612364 0.035568733 0.987169862
1403636647813555456.000000 1.043307781 -0.634152770 1.838333130 0.009917268 0.153403655 0.038547792 0.987361670
1403636648313555456.000000 1.097828746 -0.633590102 1.861547709 0.007777900 0.244606033 0.067894720 0.967211306
1403636649313555456.000000 1.200083256 -0.633080482 1.864220381 0.004989782 0.351199031 0.093543760 0.931602895
1403636649813555456.000000 1.242365360 -0.673973322 1.849945784 0.013786294 0.353049397 0.096616738 0.930500567
1403636650463555584.000000 1.286645770 -0.681006908 1.822908759 0.008828133 0.439566880 0.125521988 0.889352143
1403636651063555840.000000 1.314010978 -0.664349079 1.792911291 0.009433436 0.500783741 0.142610043 0.853691399
1403636651963555584.000000 1.318931103 -0.658276320 1.733112693 0.026832942 0.502767980 0.158679172 0.849308729
1403636652763555840.000000 1.310215712 -0.602329135 1.659070849 -0.023734750 0.650382221 0.230725855 0.723329306
1403636653263555840.000000 1.326779604 -0.591363311 1.607880116 -0.005393781 0.655264139 0.205587044 0.726865709
1403636653613555456.000000 1.339969277 -0.586282015 1.576843739 0.000662831 0.647005200 0.194278196 0.737319350
1403636653763555840.000000 1.343195677 -0.586422801 1.564358473 0.006671031 0.645962596 0.188554674 0.739685714
1403636654063555840.000000 1.346278071 -0.578448355 1.543013692 0.008835439 0.643127441 0.192291513 0.741170108
1403636654413555712.000000 1.343859196 -0.567704856 1.517613411 0.005393106 0.668521225 0.203028277 0.715422809
1403636655113555456.000000 1.325212836 -0.560071588 1.465170503 0.007564443 0.724795640 0.221271992 0.652420700
1403636655413555712.000000 1.312482953 -0.547438860 1.449177504 0.021291038 0.734863997 0.220759854 0.640926421
1403636655563555840.000000 1.302193761 -0.542730689 1.440869093 0.019721625 0.744435191 0.228040531 0.627235830
1403636655713555456.000000 1.290039659 -0.536985040 1.432300448 0.011372267 0.751937270 0.249148265 0.610234618
1403636655863555584.000000 1.277996898 -0.527577162 1.424607754 0.008116724 0.762416959 0.262904316 0.591215551
1403636656163555584.000000 1.255692244 -0.504535913 1.406035423 0.008298387 0.789477408 0.273788840 0.549268842
1403636656313555456.000000 1.244634628 -0.499277413 1.393343925 0.001666591 0.795014918 0.276324004 0.539994061
1403636656463555584.000000 1.234263182 -0.497999758 1.379268050 0.000113835 0.796286523 0.278087765 0.537210464
1403636656613555456.000000 1.224575043 -0.497945786 1.362067580 -0.001635567 0.796534657 0.273957610 0.538959384
1403636656763555840.000000 1.217041254 -0.496791601 1.346653700 0.010194117 0.800236881 0.257504553 0.541487277
1403636657213555456.000000 1.186328292 -0.477637738 1.307150126 0.025503367 0.797840893 0.245506153 0.550023854
1403636657363555584.000000 1.172026634 -0.471210420 1.295338511 0.023164785 0.794578671 0.254607141 0.550711632
1403636657513555456.000000 1.156081915 -0.464811772 1.282687187 0.018726395 0.789488494 0.270185024 0.550778866
1403636657713555456.000000 1.134556293 -0.452778339 1.265774012 0.015969025 0.788882852 0.273775309 0.549960017
1403636657913555712.000000 1.113462448 -0.437100977 1.246671915 0.022182463 0.788975477 0.284159899 0.544315100
1403636658063555840.000000 1.097146749 -0.426611841 1.229727030 0.018058693 0.789916158 0.287867457 0.541145742
1403636658413555712.000000 1.061888695 -0.407071203 1.181506038 -0.005957983 0.798839271 0.274443656 0.535257876
1403636658563555840.000000 1.048830509 -0.396654487 1.161502123 -0.016028561 0.801456690 0.269235700 0.533781111
1403636658713555456.000000 1.037944555 -0.385224342 1.142113209 -0.021249643 0.803489149 0.264183193 0.533067405
1403636658863555584.000000 1.029195070 -0.373492479 1.123531103 -0.023180161 0.807375610 0.252898663 0.532587767
1403636659163555584.000000 1.014482498 -0.347954035 1.095830083 0.000765372 0.809535146 0.246350139 0.532882571
1403636659313555456.000000 1.006019950 -0.334816843 1.085348129 0.001657818 0.808893442 0.247637853 0.533258021
1403636659463555584.000000 0.996901989 -0.324509203 1.076532960 -0.007264108 0.805897832 0.256992668 0.533320427
1403636659663555584.000000 0.986088514 -0.314840317 1.063422322 -0.007763007 0.806970894 0.255806863 0.532260001
1403636659813555456.000000 0.978157759 -0.305654168 1.056798935 -0.006146343 0.809501648 0.252109081 0.530198395
1403636660113555456.000000 0.963276863 -0.282808006 1.049055934 -0.016722642 0.806821108 0.267901659 0.526297271
1403636660263555840.000000 0.958066344 -0.268922418 1.046982765 -0.021238623 0.805269182 0.273772925 0.525489271
1403636660413555712.000000 0.954365373 -0.258096963 1.045132160 -0.032606818 0.800539434 0.287379473 0.524868071
1403636660613555456.000000 0.955898404 -0.246960044 1.041542649 -0.030059537 0.802964985 0.280077308 0.525262237
1403636660813555456.000000 0.962584019 -0.233331695 1.039595127 -0.023864064 0.813019454 0.248854339 0.525834084
1403636661013555456.000000 0.970877409 -0.217198044 1.042462826 -0.020241780 0.815283656 0.239979878 0.526604652
1403636661413555712.000000 0.985423088 -0.189592451 1.062810659 -0.002986500 0.813674688 0.244755447 0.527275443
1403636661613555456.000000 0.990700126 -0.184143320 1.074896812 -0.000798646 0.811118484 0.251109838 0.528233051
1403636661813555456.000000 0.993993163 -0.185436353 1.086681128 0.011736221 0.809358180 0.253786415 0.529522479
1403636662213555456.000000 0.990789056 -0.200162828 1.106152534 0.008465646 0.809747756 0.250249267 0.530671477
1403636662763555840.000000 0.978364229 -0.206617787 1.142599821 0.009769029 0.803375721 0.278216809 0.526391089
1403636662963555584.000000 0.974975586 -0.202126265 1.155183196 0.010011517 0.800809741 0.286886662 0.525642037
1403636663163555584.000000 0.971741319 -0.197120011 1.164584875 0.014796736 0.795480967 0.302998185 0.524579048
1403636663413555712.000000 0.970950842 -0.189330161 1.167995572 -0.026100609 0.802089095 0.287752539 0.522656977
1403636663763555840.000000 0.983591557 -0.169405788 1.172426701 -0.051626790 0.802209795 0.283946216 0.522655427
1403636663963555584.000000 1.001624346 -0.162442893 1.175205350 -0.058511134 0.809156477 0.255783200 0.525753915
1403636664163555584.000000 1.026836157 -0.163958907 1.182285070 -0.043582182 0.811645925 0.241317317 0.530186296
1403636664363555584.000000 1.054416180 -0.167196050 1.195749283 -0.019837394 0.809122622 0.238575533 0.536664605
1403636664613555456.000000 1.087945938 -0.161650777 1.220989347 -0.002004775 0.802784383 0.239713460 0.545958519
1403636664863555584.000000 1.118420362 -0.161866620 1.248730540 -0.004781224 0.796403050 0.242425859 0.554029822
1403636665113555456.000000 1.145804644 -0.170035988 1.275275230 -0.010588650 0.787205875 0.257217765 0.560387313
1403636665413555712.000000 1.178559303 -0.188011855 1.305800080 0.005003538 0.785159945 0.258724481 0.562637091
1403636665663555584.000000 1.204374433 -0.203146189 1.328975439 -0.018556941 0.790305257 0.249430075 0.559337020
1403636666213555456.000000 1.259986758 -0.239228442 1.386605024 0.011177914 0.794133008 0.249985248 0.553836763
1403636666613555456.000000 1.288423061 -0.253598571 1.429350376 0.010697823 0.788851798 0.258429199 0.557505846
1403636667313555456.000000 1.331209540 -0.278484076 1.483970642 -0.001070945 0.788681030 0.245879874 0.563492835
1403636667713555456.000000 1.356145382 -0.280229181 1.512924314 -0.004435134 0.778418183 0.270517856 0.566450059
1403636668413555712.000000 1.407157421 -0.285546511 1.554157853 -0.014758484 0.787934601 0.264611363 0.555807650
1403636668713555456.000000 1.435348749 -0.277038723 1.573750377 -0.017287567 0.793631315 0.259536088 0.549992383
1403636669063555840.000000 1.470461607 -0.276141942 1.601969957 -0.012327788 0.801687241 0.239445686 0.547550380
1403636669413555712.000000 1.503347635 -0.286256015 1.636047125 -0.000216418 0.801518202 0.242471367 0.546604216
1403636669713555456.000000 1.526722193 -0.290479690 1.676982880 0.014175641 0.807147324 0.221583217 0.547003806
1403636670013555456.000000 1.536472082 -0.304894269 1.717209339 0.053697787 0.789312899 0.263612449 0.551914990
1403636670313555456.000000 1.530896425 -0.322393060 1.746580839 0.087216094 0.774223030 0.275619417 0.563032866
1403636671263555840.000000 1.388500810 -0.328526974 1.657597423 0.086440831 0.626617789 0.238818318 0.736779511
1403636671613555456.000000 1.304913878 -0.314959884 1.551733375 -0.022298360 0.589682400 0.201933533 0.781665087
1403636672013555456.000000 1.232347012 -0.294272244 1.436466932 -0.075674355 0.569958568 0.216211617 0.789096415
1403636672463555584.000000 1.206332684 -0.300191462 1.338779092 -0.085595042 0.594546139 0.161560073 0.782998562
1403636673213555456.000000 1.200477839 -0.268825561 1.291221380 -0.046218123 0.545272410 0.166936472 0.820167124
1403636676063555840.000000 1.400912523 -0.291680694 1.553021908 0.005514721 0.387224942 0.129158258 0.912877083
1403636676713555456.000000 1.446295857 -0.294199646 1.654228926 -0.021875950 0.265656143 0.056839064 0.962142229
1403636677663555584.000000 1.483303428 -0.327237278 1.806992650 0.020249588 0.195206776 0.029635338 0.980105102
1403636678113555456.000000 1.482121825 -0.348390371 1.849622965 -0.009579698 0.083200812 0.024903705 0.996175528
1403636679163555584.000000 1.493354440 -0.381379068 1.918738842 -0.005639574 -0.108634971 -0.097945280 0.989228666
1403636679813555456.000000 1.470087647 -0.395078450 1.936426997 -0.003115935 -0.242841944 -0.107729785 0.964060426
1403636680063555840.000000 1.466256380 -0.411753953 1.933452964 0.015040975 -0.240347400 -0.131655440 0.961599588
1403636680363555584.000000 1.457600832 -0.427837014 1.919555664 0.023584111 -0.228225127 -0.150479347 0.961620033
1403636680663555584.000000 1.439764738 -0.428920299 1.895988345 0.012469393 -0.218510106 -0.153296515 0.963637948
1403636680963555584.000000 1.410996437 -0.419811845 1.865354061 -0.020638341 -0.231151149 -0.104013883 0.967121661
1403636681263555840.000000 1.381858826 -0.403680325 1.839387536 -0.026273226 -0.226824358 -0.116596386 0.966574192
1403636681563555840.000000 1.349549890 -0.395002216 1.815414667 -0.002668402 -0.232591182 -0.110869989 0.966230869
1403636682213555456.000000 1.279000998 -0.378902495 1.753437638 -0.002981437 -0.242912933 -0.111373805 0.963628709
1403636682813555456.000000 1.213800907 -0.359913677 1.690389395 0.003002899 -0.235789046 -0.108676247 0.965703905
1403636683113555456.000000 1.181890368 -0.352769345 1.656591177 0.007122521 -0.229825720 -0.117223755 0.966120064
1403636683413555712.000000 1.152187586 -0.338561475 1.620562315 0.000685886 -0.237246692 -0.110220127 0.965176165
1403636683713555456.000000 1.121992111 -0.316591173 1.584146142 -0.007321878 -0.241445765 -0.110011533 0.964130640
1403636684013555456.000000 1.093346953 -0.300397575 1.546415925 -0.014636406 -0.246312827 -0.109240346 0.962903082
1403636684313555456.000000 1.063948154 -0.296683878 1.507771611 -0.005049898 -0.252339244 -0.108812816 0.961488008
1403636684613555456.000000 1.038572550 -0.289735734 1.469636321 -0.000870919 -0.258762062 -0.100978874 0.960648060
1403636684913555712.000000 1.019612312 -0.271895677 1.435172558 0.002934364 -0.258829355 -0.103851400 0.960319579
1403636685913555712.000000 0.963227510 -0.219953686 1.305361271 -0.002523456 -0.238820687 -0.120268494 0.963583827
1403636687263555840.000000 0.875130773 -0.163558319 1.146309376 -0.010489281 -0.247841790 -0.104319789 0.963110507
1403636688413555712.000000 0.831231952 -0.084772356 1.056371331 -0.005824376 -0.251087546 -0.108909957 0.961800277
1403636688763555840.000000 0.819701076 -0.054730520 1.029343605 -0.003501469 -0.246115133 -0.128727004 0.960647941
1403636689113555456.000000 0.801183105 -0.029677011 0.997916639 -0.016390942 -0.268718392 -0.122654565 0.955236971
1403636689413555712.000000 0.781935096 -0.023011420 0.969116271 -0.023500023 -0.283829272 -0.124067530 0.950524092
1403636689763555840.000000 0.756172776 -0.030118197 0.940066934 -0.043269433 -0.289921105 -0.115362540 0.949086428
1403636690063555840.000000 0.735680461 -0.035614833 0.928162634 -0.043174975 -0.291749567 -0.096773140 0.950606704
1403636690563555840.000000 0.706828356 -0.053404562 0.935624063 -0.036121860 -0.283841550 -0.110903397 0.951750875
1403636690863555584.000000 0.691067755 -0.060547873 0.953946531 -0.031975351 -0.298470736 -0.064243212 0.951717198
1403636691113555456.000000 0.690803528 -0.062206298 0.978937507 0.005130258 -0.306723028 -0.044559099 0.950741410
1403636691363555584.000000 0.710633636 -0.071115591 1.001131296 0.034165092 -0.296304315 -0.085052527 0.950685322
1403636691713555456.000000 0.754087389 -0.096702918 1.017333984 -0.002367438 -0.293219984 -0.120105907 0.948467731
1403636692113555456.000000 0.808267951 -0.122268796 1.030779362 0.002056912 -0.295683950 -0.115839489 0.948234141
1403636692463555584.000000 0.856601596 -0.148947388 1.034393430 -0.003012623 -0.289566666 -0.124768138 0.948986292
1403636692913555712.000000 0.911357284 -0.195269644 1.028442383 -0.009379490 -0.272051841 -0.159224570 0.948971748
1403636693363555584.000000 0.943935037 -0.225056678 1.019395828 -0.029219002 -0.282762021 -0.136956796 0.948912382
1403636693813555456.000000 0.956994176 -0.238190532 1.025356889 -0.046502635 -0.286471605 -0.134045407 0.947524846
1403636694413555712.000000 0.957323909 -0.255607873 1.055330038 -0.010428905 -0.293719351 -0.124377593 0.947707951
1403636695063555840.000000 0.959409416 -0.261487216 1.085786104 -0.018464364 -0.293430686 -0.108280867 0.949648798
1403636695613555456.000000 0.968431652 -0.275386930 1.112411022 -0.006509189 -0.278862059 -0.126846775 0.951894701
1403636696113555456.000000 0.973158062 -0.276058286 1.131406665 -0.019560892 -0.273321271 -0.126553565 0.953360915
1403636696663555584.000000 0.971883893 -0.268404573 1.148556352 0.001526866 -0.273572236 -0.115243629 0.954921365
1403636697163555584.000000 0.973589778 -0.261504740 1.147988796 0.007977252 -0.260006696 -0.150236771 0.953814328
1403636698263555840.000000 0.919436157 -0.265646458 1.081175208 -0.012640257 -0.169752374 -0.091894053 0.981111526
1403636698913555712.000000 0.871250153 -0.229980707 1.054797411 -0.017438833 -0.026688047 -0.038178455 0.998762250
1403636699913555712.000000 0.820127070 -0.209638491 1.025678396 -0.011375278 0.216726094 0.072370067 0.973479867
1403636701163555584.000000 0.853791118 -0.133538783 1.004081011 -0.022388708 0.293611020 0.088919677 0.951516986
1403636702313555456.000000 0.919889212 -0.122536130 0.980913162 -0.008473994 0.366276383 0.112549782 0.923635423
1403636703513555456.000000 1.006008506 -0.058222160 1.011999607 -0.001620546 0.389066190 0.118698522 0.913529158
1403636704513555456.000000 1.084444404 -0.052216530 1.025865316 -0.025303284 0.379576921 0.113185592 0.917861760
1403636705413555712.000000 1.179631114 -0.053482927 1.084832907 -0.021814009 0.377368271 0.098444059 0.920557499
1403636706163555584.000000 1.270315886 -0.072777838 1.179143786 0.007040123 0.366309553 0.123759679 0.922199190
1403636706913555712.000000 1.356222391 -0.089192301 1.264498711 -0.030283870 0.375257671 0.099415526 0.921076119
1403636708063555840.000000 1.477594495 -0.178245246 1.430249929 -0.016846001 0.379540354 0.114812478 0.917868972
1403636708713555456.000000 1.556177974 -0.188858762 1.536494970 0.006085766 0.375210285 0.110580668 0.920300066
1403636709663555584.000000 1.631986022 -0.213398367 1.647277117 -0.014985315 0.398994714 0.092377909 0.912165046
1403636710063555840.000000 1.641879678 -0.224943727 1.699828386 -0.013181537 0.392624348 0.090018600 0.915187955
1403636710563555840.000000 1.638671637 -0.235399917 1.774095535 0.004270932 0.353376150 0.114694752 0.928413808
1403636711013555456.000000 1.634038925 -0.231650621 1.833502650 -0.004363772 0.292954028 0.063155927 0.954028428
1403636711463555584.000000 1.622200251 -0.244378656 1.879996419 0.012107808 0.270123780 0.050125834 0.961443663
1403636711913555712.000000 1.591021895 -0.259827256 1.909632206 0.017202372 0.276864648 0.056970727 0.959064364
1403636712363555584.000000 1.546604633 -0.283047259 1.916872025 0.010940944 0.259042621 0.054040119 0.964290917
1403636713113555456.000000 1.455320001 -0.315241009 1.891503096 0.015182280 0.210179657 0.036774401 0.976852953
1403636713563555840.000000 1.392989516 -0.332296163 1.853849888 0.006889694 0.206349462 0.049890850 0.977181375
1403636714213555456.000000 1.318344116 -0.341218650 1.786541224 -0.000828092 0.218086064 0.056215189 0.974308789
1403636715063555840.000000 1.252353311 -0.320628285 1.705227852 -0.030351235 0.119149283 0.013914039 0.992314816
1403636717013555456.000000 1.199227571 -0.298042595 1.574024677 -0.005041967 0.043380257 -0.009223638 0.999003351
1403636717963555584.000000 1.166573286 -0.267673343 1.485120773 -0.006822750 -0.029761925 -0.065277986 0.997399867
1403636718713555456.000000 1.097864628 -0.228177205 1.412399054 -0.017866762 -0.156246483 -0.059243619 0.985777855
1403636719263555840.000000 1.057673216 -0.194689959 1.374741793 0.003792019 -0.167678639 -0.084333323 0.982220650
1403636719813555456.000000 1.022621632 -0.165490374 1.327763319 -0.007751014 -0.158788025 -0.072509065 0.984616041
1403636720413555712.000000 0.998108566 -0.139663875 1.276507854 -0.013272941 -0.153333202 -0.068973094 0.985675156
1403636721013555456.000000 0.986021757 -0.121684223 1.236498356 -0.012202562 -0.130166695 -0.059202142 0.989647806
1403636722013555456.000000 0.994102895 -0.094822437 1.182036996 -0.003214519 -0.034747101 -0.041959893 0.998509765
1403636722863555584.000000 0.997082770 -0.071368366 1.126643896 -0.005808442 -0.023646245 -0.041031383 0.998861134
1403636724013555456.000000 0.979249954 -0.054614045 1.038751602 -0.013161281 0.025760397 -0.013778903 0.999486566
1403636728113555456.000000 0.917662919 -0.129262164 0.803988159 -0.001822224 0.099390648 -0.006027336 0.995028555
1403636729263555840.000000 0.856005132 -0.122912914 0.718735993 0.001847517 0.034162425 -0.022183176 0.999168396
1403636730413555712.000000 0.785077572 -0.090480208 0.617323875 -0.014779166 0.027389251 -0.017666770 0.999359429
1403636731663555584.000000 0.731778383 -0.086187951 0.562878728 -0.006955995 0.023734417 0.001814093 0.999692440
1403636732863555584.000000 0.731077909 -0.043264158 0.529417634 0.018225709 0.028164487 -0.030808218 0.998962224
1403636734013555456.000000 0.672564685 -0.038589325 0.414204866 -0.008834302 0.021560660 -0.029328864 0.999298215
1403636735213555456.000000 0.593268514 -0.017641151 0.310837209 -0.019091796 0.011460490 -0.019209417 0.999567509
1403636736513555456.000000 0.530621588 -0.046418421 0.249873444 -0.004957600 -0.017076151 -0.040695310 0.999013424
1403636737463555584.000000 0.473346412 -0.026757091 0.216419563 -0.012541909 -0.044233020 -0.039780565 0.998150110
1403636739363555584.000000 0.443683028 -0.043836769 0.196690232 -0.007288354 0.160182327 0.038052749 0.986326754
1403636740413555712.000000 0.491017610 -0.009804087 0.209617600 -0.004386944 0.238257676 0.055260032 0.969618678
1403636741213555456.000000 0.514816284 0.040169217 0.218311697 0.002423775 0.242913842 0.043475613 0.969070137
1403636742213555456.000000 0.534137368 0.109361045 0.226952910 -0.028262651 0.245861232 0.058455005 0.967127979
1403636743213555456.000000 0.554532886 0.136955753 0.254579455 -0.033437461 0.242208675 0.075373933 0.966713846
1403636743963555584.000000 0.594738364 0.159296885 0.307377666 -0.004755748 0.269102633 0.070292741 0.960531175
1403636744913555712.000000 0.648965657 0.254116148 0.391981900 0.007476427 0.291490167 0.082317792 0.952996016
1403636745963555584.000000 0.698026299 0.295912236 0.428117692 0.003480678 0.301978230 0.065823346 0.951033354
1403636747163555584.000000 0.667925000 0.262482703 0.442964107 -0.012203855 0.294922352 0.088189654 0.951364517
1403636748713555456.000000 0.649370909 0.163579553 0.487744987 -0.000277332 0.315524250 0.093746006 0.944275439
1403636749913555712.000000 0.669161439 0.106070057 0.492717564 0.016490271 0.330587417 0.078111172 0.940392852
1403636750913555712.000000 0.641939938 0.055419020 0.455521405 -0.003433733 0.303058058 0.072856084 0.950176895
1403636752213555456.000000 0.603845716 -0.045362622 0.408708096 -0.015811661 0.278952807 0.077172875 0.957068264
1403636753513555456.000000 0.594535589 -0.091224484 0.394926518 -0.008192844 0.025852794 -0.035789851 0.998991311
1403636754863555584.000000 0.514168561 -0.096389845 0.359308511 0.003580458 -0.027954590 -0.050614633 0.998320520
1403636756313555456.000000 0.360087663 -0.071532458 0.256123424 -0.001833518 -0.056004956 -0.052651938 0.997039557
1403636757163555584.000000 0.259539515 -0.056020238 0.181246594 0.001135074 -0.064963229 -0.051487274 0.996557832
1403636758113555456.000000 0.142532989 -0.040149815 0.083176613 -0.016580682 -0.099680118 -0.064662658 0.992777765
1403636758763555840.000000 0.061361637 -0.030683236 0.044973247 -0.039440326 -0.108203031 -0.039671130 0.992553651
1403636759463555584.000000 0.014572348 -0.004600413 0.042986546 -0.004273984 -0.112585284 -0.032198172 0.993111074
1403636760163555584.000000 0.011427774 0.020137588 0.032918412 -0.028583962 -0.105073199 -0.059804205 0.992253006
1403636761463555584.000000 -0.001816996 0.059441447 0.020172484 -0.027956558 -0.105165504 -0.069821648 0.991606593
1403636762063555840.000000 -0.018047228 0.053708754 0.023258666 -0.005990389 -0.103556529 -0.062911846 0.992613852
1403636762613555456.000000 -0.033936031 0.055514891 0.025615048 -0.027107617 -0.112758920 -0.026988836 0.992885828
1403636763063555840.000000 -0.032082021 0.068752192 0.031465039 -0.005603245 -0.082689233 -0.027347561 0.996184349
1403636763463555584.000000 -0.030076036 0.068792902 0.030712767 0.003490260 -0.068523057 -0.009477285 0.997598410
