1651853287612657408.000000 0.000000000 0.000000000 0.000000000 0.000000000 0.000000000 0.000000000 1.000000000
1651853287779453952.000000 -0.000728790 -0.008608808 -0.000519847 -0.004757465 0.015168500 -0.013822695 0.999778092
1651853287846175232.000000 -0.000248789 -0.015963919 -0.002332344 -0.015065272 0.021319116 -0.011610792 0.999591768
1651853287979617792.000000 0.006438428 -0.013453302 -0.012478034 -0.042812675 0.010686373 0.006742869 0.999003232
1651853288179782144.000000 0.010725575 -0.013055680 -0.024234626 -0.018231587 -0.030817928 -0.001305057 0.999357879
1651853288413307648.000000 0.010334421 -0.014179848 -0.041814875 -0.007176986 -0.067183755 -0.002194296 0.997712374
1651853288913723136.000000 0.002326125 -0.010687588 -0.077566870 0.011333622 -0.113282464 -0.009845393 0.993449390
1651853289147253504.000000 0.000217730 -0.010751346 -0.081341155 0.018047309 -0.106763005 0.006254988 0.994100988
1651853289647677184.000000 0.002830981 -0.008427345 -0.100478679 0.026576342 -0.032640912 0.021122187 0.998890460
1651853289881201664.000000 0.007259783 0.000681718 -0.115373030 0.022204727 0.007022216 0.045977652 0.998670936
1651853290148081408.000000 0.014637170 -0.002906069 -0.129383042 0.049015950 0.029301202 0.049038548 0.997162998
1651853290781920768.000000 0.022654973 -0.005020758 -0.132178947 0.028144555 -0.006783666 0.028347734 0.999178827
1651853291082147584.000000 0.025808055 -0.007790755 -0.117968127 0.015151190 -0.040147271 0.026444156 0.998728871
1651853291382374144.000000 0.027117867 -0.008808825 -0.105848007 0.013785657 -0.062229987 0.025972117 0.997628629
1651853291715957760.000000 0.027808608 -0.009033289 -0.091590740 0.009601808 -0.078320429 0.017942939 0.996720493
1651853292049542144.000000 0.035205074 -0.008583334 -0.072533034 0.016230986 -0.090384059 -0.000482902 0.995774567
1651853292449842688.000000 0.045309171 -0.013674172 -0.044853017 0.018923340 -0.072762914 -0.005390854 0.997155130
1651853292883511296.000000 0.052746795 -0.016679224 -0.015813842 0.028365819 -0.092823409 -0.028058603 0.994882882
1651853293317204480.000000 0.053456757 -0.019236425 0.013787933 0.022046210 -0.135356709 -0.021277908 0.990323067
1651853293717538560.000000 0.057019554 -0.019412097 0.041534815 0.022036586 -0.174986050 -0.023112167 0.984052896
1651853294117876224.000000 0.063589290 -0.017836530 0.070842534 0.030187983 -0.223089248 -0.016342726 0.974193394
1651853294518216960.000000 0.068240583 -0.018360883 0.104412399 0.036072843 -0.262897789 -0.023874465 0.963853478
1651853294985281792.000000 0.074721977 -0.020697609 0.132392958 0.037628081 -0.317367524 -0.028173534 0.947136879
1651853295385624832.000000 0.090133324 -0.020316027 0.157465667 0.027278244 -0.366868258 -0.032191653 0.929315507
1651853295752608512.000000 0.104591310 -0.021571236 0.178780183 0.028239051 -0.401652783 -0.039593223 0.914499879
1651853296086192384.000000 0.116739050 -0.023359863 0.195726529 0.021247622 -0.440371811 -0.039459515 0.896696270
1651853296419774976.000000 0.131446794 -0.025712887 0.210663915 0.019327497 -0.486626923 -0.049037993 0.872018337
1651853296686640384.000000 0.147829786 -0.025014019 0.220622927 0.020214213 -0.518981874 -0.050677627 0.853042185
1651853296886796544.000000 0.160718232 -0.024082996 0.225901902 0.015050367 -0.533368647 -0.048420716 0.844361782
1651853297086956032.000000 0.177580297 -0.027454257 0.229229331 0.014973816 -0.542999625 -0.049966931 0.838111281
1651853297287115520.000000 0.190286174 -0.027243972 0.230190694 0.016501473 -0.564638972 -0.051752452 0.823548555
1651853297487274752.000000 0.206442326 -0.027215904 0.233601242 0.012458152 -0.592183232 -0.053884614 0.803903162
1651853297654073856.000000 0.221159518 -0.027532510 0.238487691 0.007903688 -0.608158648 -0.049353402 0.792240381
1651853297820874240.000000 0.234486073 -0.028559465 0.242728055 0.009828320 -0.615675032 -0.054618165 0.786043584
1651853297987676672.000000 0.246738315 -0.028891487 0.246415168 0.011330217 -0.624208331 -0.064348280 0.778520942
1651853298154478592.000000 0.260564387 -0.029031429 0.248778388 0.011750012 -0.630103827 -0.068673052 0.773379028
1651853298488083456.000000 0.296025902 -0.029497992 0.253505826 0.005243006 -0.631871819 -0.050229404 0.773425817
1651853298688246272.000000 0.314359069 -0.028025821 0.255009294 0.014233072 -0.632823765 -0.052873399 0.772357404
1651853299155261696.000000 0.358632267 -0.025434442 0.264053017 0.012855737 -0.642001390 -0.050435655 0.764934719
1651853299388765696.000000 0.377895176 -0.025002673 0.268938601 0.014839667 -0.641682982 -0.059810456 0.764490306
1651853299922491136.000000 0.428729594 -0.020225633 0.272867143 0.026911100 -0.633577645 -0.056506794 0.771143436
1651853300222716416.000000 0.460329086 -0.019190062 0.278131068 0.023196733 -0.634946465 -0.045756612 0.770851016
1651853300522941696.000000 0.489400417 -0.018831193 0.285075486 0.026580133 -0.636041284 -0.053629134 0.769330144
1651853300789808128.000000 0.517479539 -0.018347993 0.289244771 0.020899590 -0.625594139 -0.052293319 0.778113484
1651853301090030080.000000 0.549707413 -0.016026214 0.288268030 0.030839369 -0.616062403 -0.035462558 0.786294103
1651853301390251776.000000 0.579980314 -0.014910523 0.290313393 0.032310687 -0.611985803 -0.036196087 0.789379001
1651853301690473216.000000 0.608130217 -0.014146872 0.295458108 0.031996660 -0.614779174 -0.043640956 0.786840677
1651853301990705920.000000 0.636134148 -0.012826197 0.302531093 0.031510577 -0.600684524 -0.051535558 0.797200918
1651853302290941696.000000 0.667647719 -0.011867218 0.307362258 0.034285087 -0.584635556 -0.044385370 0.809355140
1651853302591176448.000000 0.696773887 -0.011438034 0.311498284 0.038655203 -0.567010701 -0.037339799 0.821955204
1651853302891416576.000000 0.722226858 -0.009135135 0.319147527 0.033876792 -0.550912142 -0.032147292 0.833255470
1651853303191664384.000000 0.741305828 -0.010450058 0.326024830 0.037974712 -0.522543073 -0.041331679 0.850763381
1651853303525274368.000000 0.770165801 -0.010790437 0.329631984 0.040754441 -0.475260437 -0.024500750 0.878559232
1651853303825522432.000000 0.790056765 -0.009844512 0.333140135 0.051565271 -0.425860822 -0.015921641 0.903177798
1651853304159130624.000000 0.808611929 -0.009022892 0.343023300 0.064610064 -0.365486383 -0.018637303 0.928384542
1651853304526100736.000000 0.825795293 -0.008032389 0.358864695 0.057912942 -0.314001143 -0.018345408 0.947477102
1651853304993187328.000000 0.849294364 -0.008484580 0.378459871 0.059075635 -0.238197386 -0.025001938 0.969095945
1651853305360215040.000000 0.872972846 -0.008721888 0.393578798 0.064040899 -0.186638281 -0.013992524 0.980239332
1651853305827332608.000000 0.899434209 -0.005601406 0.422658652 0.070014313 -0.143254325 -0.006027286 0.987187862
1651853306294358272.000000 0.924235940 -0.009458415 0.461720049 0.065350123 -0.085129999 0.006323604 0.994204342
1651853306794741248.000000 0.953767657 -0.010560736 0.500916719 0.074559905 -0.043120328 0.013600335 0.996190965
1651853307295123200.000000 0.970659196 -0.015828468 0.551199436 0.064492151 -0.026166108 0.013616794 0.997482181
1651853307762144256.000000 0.988819420 -0.020825312 0.602169514 0.048147958 -0.001289456 0.015303201 0.998722136
1651853308295891456.000000 0.995530367 -0.021104805 0.655212402 0.056345236 0.010189163 0.022836043 0.998098135
1651853308829637888.000000 0.992106616 -0.025220416 0.709070206 0.055737317 0.020400995 0.015756365 0.998112679
1651853309263310848.000000 0.993126869 -0.028959658 0.757598519 0.041052531 0.038743239 0.026951941 0.998041689
1651853309696983552.000000 0.988018632 -0.032299645 0.804582894 0.036586765 0.030041518 0.027679358 0.998495281
1651853310197391616.000000 0.984418154 -0.035250075 0.860066593 0.038195334 0.022270279 0.018651256 0.998847961
1651853310697803520.000000 0.985901594 -0.038440801 0.921739578 0.040026005 0.039807498 0.019502297 0.998214900
1651853311131480064.000000 0.985170841 -0.038326971 0.972203195 0.029040419 0.025080081 0.015800960 0.999138594
1651853311698591744.000000 0.989370346 -0.038419768 1.040643930 0.035309386 0.045638360 0.017982418 0.998171866
1651853312165604352.000000 0.993540525 -0.037026428 1.093493819 0.034011271 0.035980586 0.016228663 0.998641729
1651853312665967360.000000 0.991271317 -0.038430300 1.155727506 0.023738272 0.040811494 0.006328414 0.998864770
1651853313366502400.000000 0.991730213 -0.037499227 1.236510396 0.033222087 0.035635617 0.018406022 0.998642862
1651853313833527040.000000 0.980651319 -0.037025638 1.291248918 0.036112923 0.045766320 0.008823791 0.998260200
1651853314300540928.000000 0.979290962 -0.039458133 1.347448707 0.028291931 0.047326092 0.008691583 0.998440921
1651853314800913664.000000 0.967267752 -0.038114257 1.403924823 0.021521078 0.027253997 -0.009009236 0.999356270
1651853315301313792.000000 0.960460722 -0.039397091 1.462322950 0.019556532 0.043750193 -0.007979074 0.998819232
1651853315801711360.000000 0.953262448 -0.039919324 1.512352705 0.006059668 0.011595882 -0.015557464 0.999793351
1651853316335427840.000000 0.944144785 -0.042509280 1.568952918 0.025170306 -0.010070460 -0.033492025 0.999071240
1651853316902496768.000000 0.941180885 -0.040671401 1.630908132 0.016572738 -0.027756322 -0.030181404 0.999021530
1651853317369494528.000000 0.936818361 -0.042205147 1.684975505 0.019785516 -0.050778989 -0.037201822 0.997820675
1651853317836492800.000000 0.941252291 -0.044990230 1.737279654 0.006630267 -0.054669563 -0.041661222 0.997612953
1651853318270164224.000000 0.941567004 -0.044321060 1.785574913 0.000985737 -0.079063915 -0.036575384 0.996197879
1651853318770554624.000000 0.938158751 -0.044320922 1.835586309 -0.003249278 -0.098629102 -0.044001319 0.994145691
1651853319204194560.000000 0.942971766 -0.044382699 1.881023765 -0.011810351 -0.154973969 -0.041493669 0.986976087
1651853319671189248.000000 0.943642378 -0.044290315 1.927741289 -0.019363739 -0.192838445 -0.041372549 0.980166674
1651853320104860672.000000 0.945395887 -0.041908942 1.969029665 0.001154956 -0.236685023 -0.056050416 0.969967663
1651853320505182720.000000 0.954924583 -0.043509580 2.005519152 -0.007556634 -0.297873199 -0.066700853 0.952242315
1651853320872151296.000000 0.958717823 -0.042462833 2.037740946 -0.002528181 -0.363690645 -0.078784019 0.928178728
1651853321205776128.000000 0.960710883 -0.038939461 2.066220522 0.009684649 -0.418499082 -0.091255769 0.903569102
1651853321572767488.000000 0.972021103 -0.040345341 2.106381893 0.008129853 -0.474784613 -0.096475974 0.874760449
1651853321973102848.000000 0.973140538 -0.040235266 2.138555050 0.012840714 -0.548214972 -0.101160467 0.830097616
1651853322239977984.000000 0.975614488 -0.040396750 2.163883686 0.011004396 -0.600459278 -0.087510549 0.794776380
1651853322473493760.000000 0.983874679 -0.039121851 2.182076216 0.019323552 -0.624779701 -0.087734364 0.775615633
1651853322707009792.000000 0.991399944 -0.040032402 2.198060989 0.014032955 -0.647145391 -0.091193385 0.756762624
1651853322940522240.000000 1.027358174 -0.034374863 2.207885265 0.005271040 -0.689114749 -0.082453132 0.719926775
1651853323174033408.000000 1.035837173 -0.034103364 2.219112158 0.007267402 -0.729039311 -0.094004698 0.677946866
1651853323407544320.000000 1.018453836 -0.041627705 2.236244440 -0.005521629 -0.761514246 -0.102729172 0.639931500
1651853323641054976.000000 1.028315663 -0.043056987 2.249315739 -0.005552718 -0.781705856 -0.099278495 0.615669489
1651853323874561024.000000 1.041119695 -0.044190228 2.259842634 -0.000560828 -0.792114556 -0.102898605 0.601636231
1651853324108060416.000000 1.056367755 -0.044295926 2.267223120 -0.004371395 -0.805707276 -0.104929388 0.582929254
1651853324341559296.000000 1.071480036 -0.047063034 2.275740147 -0.008057564 -0.822496533 -0.100257598 0.559806168
1651853324608414464.000000 1.082337856 -0.046979558 2.283098459 -0.006146043 -0.846005082 -0.100593716 0.523563325
1651853324841917696.000000 1.094722509 -0.052887354 2.290037870 0.003345548 0.873760343 0.100716032 -0.475802451
1651853325142154240.000000 1.032733679 -0.088865094 2.344916821 -0.002990729 0.898120463 0.101330906 -0.427905113
1651853325442391296.000000 1.039489269 -0.098594502 2.347898483 0.004470573 0.913110793 0.105683915 -0.393750668
1651853325709268736.000000 1.054029942 -0.083079562 2.342295170 0.004039808 0.928671896 0.109916031 -0.354218394
1651853326009507072.000000 1.087806225 -0.092874914 2.323336124 0.004254545 0.947027564 0.113321289 -0.300464660
1651853326276386560.000000 1.105782986 -0.095363438 2.315616369 0.000604163 0.966736019 0.116159715 -0.227877259
1651853326609986048.000000 1.149176121 -0.092245132 2.274743080 0.003769177 0.978060424 0.117640488 -0.171884507
1651853326843504640.000000 1.169138432 -0.090335786 2.258414745 0.005787907 0.981612504 0.117903896 -0.150006875
1651853327010300160.000000 1.180459261 -0.089333922 2.248423815 0.009265019 0.982422411 0.119566344 -0.143053234
1651853327177095680.000000 1.185659409 -0.088431090 2.238980770 0.008520415 0.983347535 0.120605811 -0.135680571
1651853327343891456.000000 1.195698500 -0.083914548 2.232479095 0.010122334 0.984356761 0.126169994 -0.122557946
1651853327544045824.000000 1.207640409 -0.084030390 2.214523315 0.005361330 0.987138152 0.132733852 -0.088945113
1651853327777559552.000000 1.218497515 -0.082851678 2.197140694 0.001102264 0.988651872 0.138275817 -0.058702730
1651853328011065856.000000 1.223599792 -0.082229197 2.175266266 0.005156153 0.989776909 0.138653427 -0.033020645
1651853328277929472.000000 1.230255485 -0.082104206 2.148792267 0.004175212 0.990975857 0.128894195 -0.036547322
1651853328544792320.000000 1.235128045 -0.080685198 2.121973991 0.001761955 0.990859926 0.130897924 -0.032545581
1651853328811656960.000000 1.234601378 -0.079877377 2.097853184 0.000804759 0.991996229 0.125748143 -0.011413393
1651853329111893248.000000 1.237619042 -0.079379886 2.068772316 0.001646888 0.992196500 0.124354243 0.008913564
1651853329378769664.000000 1.241349578 -0.075062215 2.036362171 0.005850542 0.991440535 0.129864141 0.012116105
1651853329679005952.000000 1.237352490 -0.074704915 2.003533840 0.005810731 0.992304087 0.123479754 0.007181925
1651853330012585472.000000 1.235808492 -0.071827322 1.964893460 0.003745557 0.992465615 0.121916942 0.011583734
1651853330346157056.000000 1.233650565 -0.064877808 1.923665047 0.001299030 0.991979122 0.124644868 0.020960895
1651853330713083648.000000 1.233008265 -0.057791859 1.885400057 0.006253614 0.991257727 0.130174011 0.020583618
1651853331113400832.000000 1.227794886 -0.053176969 1.841031909 -0.000478369 0.991003990 0.133039787 0.014535901
1651853331513726720.000000 1.227764487 -0.047381222 1.795513868 0.013065444 0.992652059 0.117744803 0.024643414
1651853331880694272.000000 1.228046894 -0.042609602 1.757889986 0.014071881 0.992406189 0.119779892 0.024181644
1651853332247665664.000000 1.222242355 -0.037088007 1.716346383 0.004248698 0.993737936 0.111072555 0.011392741
1651853332647998976.000000 1.223486304 -0.030847579 1.672933817 0.009716464 0.992979467 0.117772385 0.005202051
1651853333181780224.000000 1.234285951 -0.026568055 1.622560620 0.009666616 0.992537975 0.121526398 0.002503916
1651853333682203392.000000 1.217486382 -0.013433844 1.561337113 -0.006595997 0.991621077 0.128877401 -0.005893939
1651853334115904256.000000 1.227434874 -0.016365170 1.526483297 -0.002280390 0.992738366 0.120003931 0.008025862
1651853334549607680.000000 1.214474916 -0.002692997 1.474817753 0.005106059 0.993261337 0.115119629 0.012380292
1651853334983287040.000000 1.203940392 0.002463311 1.433493376 -0.003535666 0.992792130 0.115478188 0.031875588
1651853335416933632.000000 1.204566598 0.008123845 1.393290043 -0.004116663 0.992680430 0.115652889 0.034540657
1651853335883938560.000000 1.203339815 0.013343036 1.350720525 0.003081804 0.993289292 0.110135213 0.035172291
1651853336317599488.000000 1.200005412 0.017993212 1.312392473 -0.007421909 0.993893325 0.107557833 0.023501057
1651853336751260160.000000 1.200432897 0.024031132 1.276458621 -0.005182530 0.993223071 0.112247013 0.029692408
1651853337218318592.000000 1.194184422 0.028892279 1.232482791 -0.001668466 0.993893802 0.107681945 0.024019646
1651853337685383424.000000 1.186524630 0.035404503 1.189664006 -0.016864900 0.993465602 0.112425327 0.010112864
1651853338152434944.000000 1.178058386 0.042153656 1.142424941 -0.011056188 0.992431462 0.121890105 0.010016400
1651853338619483648.000000 1.170146346 0.047149569 1.097460985 -0.011991188 0.991759062 0.123076387 -0.033501413
1651853339153230592.000000 1.168209791 0.052198023 1.050225377 -0.021418381 0.992186964 0.103484944 -0.066311173
1651853339720323840.000000 1.163859129 0.057851002 1.010903239 -0.020968711 0.986844420 0.114963487 -0.111722246
1651853340254075648.000000 1.157141447 0.062286705 0.980680585 -0.049229354 0.968930483 0.131518900 -0.203599930
1651853340787828224.000000 1.160245419 0.067907408 0.950574219 -0.057380959 0.946180582 0.133823305 -0.289034694
1651853341354947072.000000 1.167769432 0.072357506 0.924582779 -0.068071060 0.916056156 0.134379447 -0.371684819
1651853341888700672.000000 1.176781893 0.077549256 0.890234470 -0.071912937 0.882637084 0.139195099 -0.443176061
1651853342088847360.000000 1.182995796 0.079036787 0.886192024 -0.083351791 0.870329618 0.135493040 -0.466069192
1651853342288993536.000000 1.183451891 0.082371891 0.878344953 -0.080560684 0.856554687 0.133312657 -0.491987586
1651853342489139200.000000 1.186916351 0.084772460 0.873095751 0.077103488 -0.843250394 -0.133823380 0.514854491
1651853342689284864.000000 1.185538292 0.087086946 0.865133286 0.082421616 -0.825248718 -0.129268974 0.543562949
1651853342956162048.000000 1.188738108 0.089099571 0.857132316 0.086813115 -0.790273428 -0.110634498 0.596398652
1651853343223049216.000000 1.190536022 0.092005551 0.846637845 0.099815123 -0.757417917 -0.117928751 0.634387732
1651853343456575744.000000 1.195349216 0.095193237 0.842485964 0.099419892 -0.733374059 -0.097217113 0.665452480
1651853343656741632.000000 1.205247283 0.102792189 0.804439306 0.082028098 -0.655263066 -0.112231538 0.742499650
1651853343890267648.000000 1.209175229 0.107443050 0.797500610 0.070940226 -0.613563716 -0.113188267 0.778264403
1651853344023710208.000000 1.223482251 0.116102979 0.774021685 0.057542000 -0.550799489 -0.097553410 0.826917231
1651853344223873792.000000 1.238160372 0.113974944 0.757700682 0.065445274 -0.485345542 -0.096486628 0.866514266
1651853344424037632.000000 1.245398641 0.115964964 0.757612169 0.064948328 -0.460659295 -0.081984282 0.881392837
1651853344657562368.000000 1.248601556 0.116434172 0.763613343 0.062578119 -0.445055157 -0.073362753 0.890296459
1651853344891084288.000000 1.253752112 0.117311239 0.769136012 0.059981681 -0.415706426 -0.058033995 0.905661345
1651853345091243008.000000 1.263215899 0.117136069 0.772335887 0.051044859 -0.376928627 -0.058733374 0.922967851
1651853345324761600.000000 1.283075690 0.119415171 0.783645511 0.049676333 -0.313887924 -0.042046856 0.947226822
1651853345524920576.000000 1.370334864 0.121461585 0.872872472 0.058906373 -0.234112218 -0.020756215 0.970201373
1651853345758439424.000000 1.384823322 0.118572369 0.888673186 0.059112061 -0.183474436 0.000510272 0.981245458
1651853346092028160.000000 1.401985645 0.115156241 0.914748073 0.059001740 -0.127363533 0.009734645 0.990051806
1651853346325539072.000000 1.412292361 0.112018153 0.933769464 0.064881258 -0.094822757 0.014555342 0.993270934
1651853346659124992.000000 1.423541069 0.108235426 0.961104870 0.067145705 -0.058405899 0.016213911 0.995900273
1651853346859275008.000000 1.432108879 0.103194788 0.980578542 0.060452402 -0.037123632 0.021947909 0.997238994
1651853346992707328.000000 1.437159538 0.099433787 0.992831588 0.055881735 -0.025973625 0.026345298 0.997751713
1651853347192854784.000000 1.440213084 0.097133338 1.013556123 0.061483599 -0.006825420 0.026842367 0.997723758
1651853347359644416.000000 1.443097711 0.092957586 1.033556581 0.058559593 0.001826517 0.026424570 0.997932434
1651853347559791616.000000 1.444237471 0.088109955 1.058489442 0.057082523 0.000266249 0.030739930 0.997896075
1651853347759938304.000000 1.434079409 0.083953865 1.080361128 0.062880449 -0.000231095 0.026906095 0.997658312
1651853347926732032.000000 1.432925344 0.083280072 1.104037046 0.059789907 0.010187961 0.024302967 0.997863114
1651853348160245248.000000 1.433649898 0.079790927 1.134402752 0.053586870 0.034905419 0.033761565 0.997381687
1651853348393758208.000000 1.431677818 0.078149065 1.164428592 0.058805760 0.043052666 0.042768374 0.996423185
1651853348994229248.000000 1.426957011 0.073799312 1.239014983 0.040065695 0.035051804 0.032652836 0.998048067
1651853349294473728.000000 1.426924825 0.071646281 1.275175571 0.045160234 0.031745851 0.040506892 0.997653186
1651853349628079616.000000 1.423727870 0.070474461 1.317278028 0.044241820 0.016524287 0.040004428 0.998082817
1651853349961695232.000000 1.415056348 0.066851586 1.359106541 0.039886061 0.010469193 0.032412916 0.998623490
1651853350328684544.000000 1.413061380 0.063234776 1.405359745 0.031718187 0.018462615 0.035120491 0.998708963
1651853350695676928.000000 1.408425927 0.061537303 1.448871374 0.020392319 0.007313961 0.034205448 0.999179959
1651853351096007936.000000 1.397975802 0.059456877 1.496766567 0.029426370 -0.001725891 0.027911508 0.999175668
1651853351496330496.000000 1.397354841 0.058266178 1.543716788 0.029765656 0.006841406 0.033779491 0.998962522
1651853351896647936.000000 1.391862512 0.055466015 1.592591882 0.028365020 -0.006371381 0.032120250 0.999061108
1651853352296948224.000000 1.386790395 0.053007524 1.640508533 0.029220430 -0.001234657 0.033271946 0.999018312
1651853352797320960.000000 1.383845091 0.048605446 1.700265646 0.026319584 0.008750557 0.033575282 0.999051273
1651853353231020032.000000 1.378110886 0.046626627 1.752272129 0.027506949 -0.014285186 0.030082561 0.999066710
1651853353631359488.000000 1.374455452 0.045914736 1.805044889 0.019379918 0.000080036 0.023334350 0.999539852
1651853354098412800.000000 1.373309970 0.042947356 1.865048766 0.025116380 -0.006186265 0.030996978 0.999184728
1651853354532100096.000000 1.371414900 0.039889403 1.914650798 0.030260038 -0.024119649 0.028087346 0.998856187
1651853354965774080.000000 1.366161704 0.037755109 1.966396093 0.027158007 -0.059540816 0.034195177 0.997270286
1651853355466139392.000000 1.356781960 0.037820507 2.019276619 0.010614379 -0.108383991 0.029284481 0.993620992
1651853355933158912.000000 1.351501346 0.035455912 2.066936493 0.001534995 -0.172531024 0.022686232 0.984741628
1651853356400217088.000000 1.345817447 0.034528196 2.113135815 -0.010956625 -0.256347626 0.015350503 0.966400623
1651853356867272192.000000 1.343055487 0.030318320 2.160223484 -0.015907357 -0.350515693 0.010393094 0.936364055
1651853357334293504.000000 1.355399966 0.028154358 2.195818424 -0.026232023 -0.417240530 0.019888561 0.908199668
1651853357767955456.000000 1.354909658 0.043890573 2.207637787 -0.027934263 -0.503035188 -0.013597774 0.863707364
1651853358134900224.000000 1.354901552 0.046271425 2.224916458 -0.005554691 -0.551501691 -0.034978960 0.833421588
1651853358468485120.000000 1.357011318 0.042616166 2.246169090 -0.008446801 -0.616993248 -0.038712811 0.785970330
1651853358668635392.000000 1.268389583 0.019048542 2.174701452 0.012092113 -0.634673297 -0.040493503 0.771624148
1651853358968874240.000000 1.272735000 0.019396104 2.179682970 0.002806505 -0.678719103 -0.051082775 0.732613862
1651853359202402816.000000 1.288925529 0.045837797 2.147535801 0.000226615 -0.712848961 -0.060055491 0.698741496
1651853359402570496.000000 1.296601415 0.045274191 2.153457403 -0.001007677 -0.738903463 -0.068748623 0.670294166
1651853359702822912.000000 1.304176688 0.030880302 2.181352139 -0.007167860 -0.775039136 -0.088466719 0.625648916
1651853359902987264.000000 1.312532425 0.030949667 2.184127092 -0.009795115 -0.795333505 -0.086818807 0.599842608
1651853360103147776.000000 1.320551753 0.029074654 2.190024137 -0.010633272 -0.818008065 -0.082938075 0.569096684
1651853360336668160.000000 1.330912232 0.036295190 2.188566923 -0.006708869 -0.851749182 -0.084815383 0.516995847
1651853360536828928.000000 1.347710729 0.032068696 2.181615353 0.001094476 0.871941328 0.088689081 -0.481509447
1651853360770350336.000000 1.358586192 0.030999389 2.186798334 -0.003156120 0.890767276 0.096455730 -0.444094598
1651853361103955200.000000 1.096240163 -0.042954050 2.311031103 -0.028810788 0.908706784 0.108743086 -0.401991099
1651853361871242752.000000 1.154589891 -0.059963882 2.337951660 -0.028015254 0.957288861 0.136913896 -0.253116101
1651853362404959744.000000 1.185316086 -0.090931952 2.291877985 -0.000977509 0.971686482 0.144166380 -0.187191039
1651853362638459648.000000 1.184830189 -0.095012397 2.306736469 0.004079829 0.976112247 0.146494210 -0.160398439
1651853363038761216.000000 1.196899652 -0.091855109 2.304488897 0.008644506 0.983358502 0.156163335 -0.092435800
1651853363505792768.000000 1.228671193 -0.050954819 2.228588581 0.003120724 0.983661592 0.173757389 -0.046994943
1651853364006186752.000000 1.240746975 -0.051153779 2.157308102 0.012126359 0.985257268 0.167617008 -0.032025833
1651853364506586368.000000 1.245733500 -0.048011720 2.117666245 0.014011226 0.985608518 0.167519957 -0.017794620
1651853365941070080.000000 1.251495481 -0.037865400 2.017123222 0.003569738 0.988036275 0.151424795 -0.029019071
1651853366508215040.000000 1.251034379 -0.031533390 1.975092530 -0.001689976 0.988961875 0.143815622 -0.035616796
1651853367175407616.000000 1.256837368 -0.023915052 1.928396344 0.002905703 0.988855839 0.146767303 -0.024799682
1651853367675775744.000000 1.258004546 -0.016966492 1.890289903 0.000162714 0.989260554 0.144206002 -0.023834599
1651853368176173312.000000 1.265591145 -0.012914836 1.860781908 0.009229320 0.989326596 0.145421654 0.000517199
1651853368643220992.000000 1.267448068 -0.005984128 1.825079083 0.004521363 0.990579963 0.136856198 0.001132348
1651853369210349824.000000 1.274907351 -0.000977993 1.784304976 0.001032869 0.989895582 0.141746044 0.003710908
1651853369744119552.000000 1.278216720 0.004673809 1.741243720 0.002412112 0.991637588 0.128797844 -0.007757984
1651853370311227904.000000 1.284397721 0.012820631 1.696358204 0.005547942 0.991468728 0.130221888 0.001095235
1651853370878326016.000000 1.286866188 0.022166520 1.648858428 0.007157022 0.991900206 0.126607716 -0.007298521
1651853371445372672.000000 1.287147522 0.032361656 1.600791931 0.000573767 0.990833938 0.135079995 0.001099074
1651853371979065600.000000 1.283580422 0.039056569 1.557629943 -0.001925739 0.991634011 0.128977776 -0.004803123
1651853372646200320.000000 1.277963519 0.049936205 1.500370383 -0.010928392 0.990858793 0.134267986 -0.007181539
1651853373246615040.000000 1.276782513 0.058652610 1.445325971 -0.025177699 0.989348173 0.130836889 -0.058634818
1651853373847025664.000000 1.266097546 0.068831205 1.375086904 -0.028179409 0.988137305 0.129599229 -0.077424660
1651853374681016832.000000 1.268164635 0.087534696 1.265082359 -0.036239825 0.969273508 0.140345588 -0.198742762
1651853375348221696.000000 1.276335835 0.103435755 1.181779981 -0.046704311 0.931607246 0.142801449 -0.330959767
1651853375848627968.000000 1.284788251 0.110407643 1.119773269 -0.052897833 0.870141268 0.142994374 -0.468624175
1651853376248936704.000000 1.274660349 0.102688119 1.041756272 0.051653851 -0.799098551 -0.153284043 0.579031408
1651853376682603776.000000 1.284425497 0.086527586 0.943102419 0.049722522 -0.692719638 -0.177091256 0.697356343
1651853376882758912.000000 1.292115331 0.091035753 0.933036327 0.051063936 -0.651370525 -0.167876437 0.738191307
1651853377082915584.000000 1.299879789 0.091364890 0.924458146 0.065026529 -0.613046885 -0.146840960 0.773552060
1651853377283072256.000000 1.309104681 0.093158245 0.919088483 0.071193211 -0.579508841 -0.134629652 0.800609708
1651853377516588800.000000 1.322867870 0.098743618 0.914294124 0.074052766 -0.535760283 -0.110093057 0.833880484
1651853377750105344.000000 1.339392185 0.099698305 0.911198080 0.078738794 -0.482215941 -0.081787281 0.868664980
1651853377950249984.000000 1.351272106 0.102091521 0.910745740 0.085934602 -0.435701817 -0.082848236 0.892140865
1651853378150387712.000000 1.364659667 0.101564512 0.912843585 0.079360910 -0.369959682 -0.068912961 0.923083246
1651853378350524160.000000 1.372718573 0.106219664 0.911956370 0.075967580 -0.317066133 -0.042354558 0.944406748
1651853378584015872.000000 1.380715489 0.106130317 0.915060043 0.074005611 -0.262343377 -0.019257963 0.961939812
1651853378784150272.000000 1.387022972 0.106144510 0.925042629 0.063996539 -0.217130154 -0.006848598 0.974018514
1651853378950940160.000000 1.392562866 0.107313231 0.930978417 0.063324712 -0.181415245 0.003257953 0.981360197
1651853379084374272.000000 1.398082733 0.107361957 0.939121187 0.061222196 -0.157706037 0.012902683 0.985502005
1651853379284525312.000000 1.400735259 0.112794146 0.945621133 0.061564930 -0.118229292 0.016200759 0.990943551
1651853379484676352.000000 1.411968470 0.106062472 0.962002933 0.054683637 -0.081104591 0.027365468 0.994828045
1651853379684826880.000000 1.420462608 0.105125278 0.974964738 0.051029131 -0.046241120 0.037574325 0.996918201
1651853380051777280.000000 1.422756314 0.097559750 0.996773362 0.044528313 -0.016923381 0.041542228 0.998000503
1651853380652250112.000000 1.433067560 0.091235422 1.057816386 0.042400461 -0.005748062 0.034198578 0.998498678
1651853381286098944.000000 1.426803350 0.082148679 1.133930326 0.036761817 -0.012052049 0.039252061 0.998480141
1651853381819873792.000000 1.421970129 0.077940270 1.200497866 0.020445550 -0.022247821 0.031256177 0.999054611
1651853382320299264.000000 1.415745974 0.072561011 1.266857147 0.023057858 0.001175032 0.037970174 0.999012113
1651853382854088448.000000 1.406464934 0.069886930 1.335687160 0.022265343 0.006059690 0.029662417 0.999293566
1651853383387860992.000000 1.401507020 0.066551730 1.402041912 0.018960960 0.006398982 0.034137908 0.999216735
1651853383921635584.000000 1.392235875 0.061282136 1.467489004 0.008872425 -0.017191004 0.030971142 0.999333024
1651853384455416832.000000 1.387927890 0.058051851 1.535386920 0.008132913 -0.004934344 0.033287417 0.999400556
1651853384989222144.000000 1.382109284 0.054767527 1.604418635 0.011981196 -0.015175041 0.044909369 0.998803914
1651853385556452864.000000 1.379537702 0.050119556 1.679068565 0.004847147 -0.006310405 0.041729495 0.999097288
1651853386123624448.000000 1.374860644 0.047121584 1.747466683 0.007899646 -0.030218655 0.030075286 0.999059498
1651853386657376256.000000 1.379770041 0.045853164 1.811465740 0.003933737 -0.024180591 0.034263074 0.999112546
1651853387224512256.000000 1.381137133 0.042516679 1.884050250 0.006572034 -0.045156114 0.034597460 0.998359025
1651853387791660544.000000 1.379393578 0.041493602 1.957214236 0.014794982 -0.027330585 0.035749782 0.998877406
1651853388358785792.000000 1.373817921 0.034804586 2.028836012 0.008004837 -0.063278750 0.027668215 0.997580171
1651853388892543232.000000 1.368903279 0.034228496 2.089988470 -0.002103955 -0.118558556 0.010733731 0.992886841
1651853389426260992.000000 1.363649130 0.033648845 2.141099930 0.012154114 -0.218961760 0.020663394 0.975438893
1651853390026703104.000000 1.367966175 0.030770920 2.205958605 0.019950204 -0.300559700 0.013751047 0.953455150
1651853390527096832.000000 1.373731256 0.030808501 2.260694504 0.001343288 -0.366747916 0.005251348 0.930304587
1651853391027493632.000000 1.381906986 0.028002478 2.306200743 0.011058238 -0.450558454 -0.025437212 0.892315924
1651853391527896064.000000 1.402338386 0.021170482 2.355013371 0.017769169 -0.557461381 -0.035283804 0.829262376
1651853391828138240.000000 1.411339402 0.020515308 2.369915247 0.013529474 -0.626826584 -0.042915516 0.777858377
1651853392095013632.000000 1.406100035 0.019096956 2.369109631 0.015177931 -0.676471353 -0.052918326 0.734408498
1651853392395248128.000000 1.369780421 0.001716360 2.322827578 0.017249681 -0.731794059 -0.064375460 0.678259313
1651853392662123520.000000 1.340358019 -0.015080512 2.280457020 0.022842743 -0.773464322 -0.086884096 0.627441108
1651853392862279424.000000 1.333711028 -0.016071245 2.272322178 0.018365372 -0.804015398 -0.092704803 0.587050080
1651853393095791872.000000 1.336053610 -0.016428027 2.271408796 0.016873291 -0.844533563 -0.107014760 0.524429381
1651853393295945216.000000 1.337695122 -0.016252354 2.271193743 -0.013945405 0.859924018 0.114012487 -0.497330278
1651853393462739200.000000 1.338484287 -0.013697989 2.274591446 -0.000992577 0.871231616 0.114522971 -0.477324784
1651853393596174336.000000 1.340042472 -0.013620393 2.274203539 0.009727730 0.879035711 0.109234385 -0.463971406
1651853393729609728.000000 1.338358045 -0.014460292 2.270159960 0.011152326 0.884318709 0.103453651 -0.455141068
1651853393929754368.000000 1.334722042 -0.014548451 2.265593529 0.010575811 0.895470083 0.106974155 -0.431946725
1651853394129889792.000000 1.333964109 -0.016615957 2.260164499 0.009992532 0.914693475 0.115252621 -0.387237489
1651853394296668416.000000 1.334398031 -0.016996786 2.257843256 0.009155802 0.931987941 0.124446958 -0.340334475
1651853394530157568.000000 1.326877832 -0.021039575 2.244880676 0.009292016 0.949893236 0.137384742 -0.280609876
1651853394730289664.000000 1.312255383 -0.026567400 2.223743439 0.015378986 0.961537778 0.142463803 -0.234334439
1651853394897073664.000000 1.314916849 -0.028241038 2.216404676 0.016935321 0.964570820 0.152341604 -0.214728504
1651853395063869440.000000 1.300044775 -0.033400118 2.198543310 0.016069496 0.966739714 0.153932154 -0.203619808
1651853395230664448.000000 1.301866770 -0.033028334 2.195884705 0.019217869 0.969554663 0.160651445 -0.183808431
1651853395497536768.000000 1.290850639 -0.034254968 2.181150436 0.014740216 0.978356719 0.165306389 -0.123590522
1651853395731048960.000000 1.292992592 -0.033715308 2.176554680 0.015489041 0.981133223 0.172538310 -0.085838147
1651853395964558848.000000 1.295024753 -0.033008099 2.171384096 0.021838965 0.982336819 0.165989622 -0.083575279
1651853396198066432.000000 1.271675348 -0.033471346 2.150348902 0.024350774 0.981506050 0.174384564 -0.075119302
1651853396431573248.000000 1.273249030 -0.033035994 2.144138575 0.025814045 0.983111680 0.169294178 -0.064533710
1651853396698437120.000000 1.275354743 -0.032468557 2.137114763 0.030323084 0.985042095 0.163188010 -0.046285003
1651853396998668288.000000 1.267386079 -0.043047071 2.104038477 0.031291433 0.983463168 0.174271837 -0.038083479
1651853397265547008.000000 1.279107213 -0.030335248 2.122407436 0.037055828 0.985979199 0.154952243 -0.049615726
