1651004704455898880.000000 0.000000000 0.000000000 0.000000000 0.000000000 0.000000000 0.000000000 1.000000000
1651004705488644352.000000 -0.012198072 -0.021989379 0.014404500 -0.000613378 0.009758054 0.021417633 0.999722779
1651004706687895552.000000 -0.045796227 -0.028503608 0.023659119 -0.006128232 0.005933372 0.043997567 0.998995245
1651004707524597760.000000 -0.071048781 -0.026742402 0.043875340 0.000051224 0.041384719 0.052796733 0.997747362
1651004708394758400.000000 -0.042276111 -0.036525682 0.092280872 0.002628488 0.102929346 0.059170261 0.992923737
1651004709795706112.000000 -0.128228724 -0.038038217 0.094883762 -0.002588178 0.158267602 0.072231002 0.984747350
1651004709929126400.000000 -0.144210592 -0.036680669 0.090859815 -0.001657766 0.165060848 0.069651611 0.983819544
1651004710596236544.000000 -0.158068508 -0.034316298 0.104724735 0.001582333 0.182314828 0.072547056 0.980558872
1651004712264131584.000000 -0.173170179 -0.043996282 0.211866513 0.015433216 0.275654584 0.088136561 0.957083225
1651004713064901376.000000 -0.255918801 -0.047866918 0.226146981 0.005039084 0.284237385 0.095649697 0.953957498
1651004713632258048.000000 -0.286067486 -0.049492322 0.224506453 -0.004747605 0.313105553 0.099969357 0.944430232
1651004714866612480.000000 -0.279189765 -0.055680711 0.271752596 0.014982860 0.374049723 0.100669816 0.921806872
1651004716801213952.000000 -0.346151799 -0.056784235 0.334554255 0.029509006 0.445171058 0.110665500 0.888090730
1651004718335518208.000000 -0.447416931 -0.057970248 0.359273553 0.022854334 0.491433412 0.118226759 0.862550497
1651004719402874624.000000 -0.468976170 -0.059849620 0.425331354 0.036003031 0.537454009 0.131101519 0.832261562
1651004720970875136.000000 -0.593073130 -0.050380483 0.394230604 0.031569559 0.600924373 0.122041158 0.789303005
1651004721137652992.000000 -0.604648829 -0.049554944 0.398066074 0.032143660 0.610684574 0.126528010 0.781038940
1651004721304430336.000000 -0.611854315 -0.052195877 0.404492259 0.033918880 0.621226966 0.128416404 0.772292554
1651004721804759296.000000 -0.631453574 -0.051777661 0.428699821 0.035916254 0.653101504 0.129198179 0.745302796
1651004725907285248.000000 -0.763677478 -0.045754150 0.411288977 0.050210059 0.819951177 0.150487527 0.550011337
1651004726140772352.000000 -0.767403364 -0.043528825 0.404951811 0.052946419 0.827096343 0.154119119 0.537917852
1651004726541042688.000000 -0.778170824 -0.039176792 0.383673072 0.046976857 0.833815753 0.160531238 0.526093304
1651004726907955200.000000 -0.782889009 -0.037602648 0.352373898 0.046400968 0.837298870 0.154608816 0.522373140
1651004727208145920.000000 -0.778550148 -0.038069487 0.328859508 0.051082268 0.845011473 0.154338628 0.509436786
1651004727708455424.000000 -0.792055070 -0.034259379 0.311494857 0.052401233 0.863972545 0.156563714 0.475703031
1651004732011931136.000000 -0.857407808 -0.007873632 0.181944966 0.049258038 0.933488786 0.179933071 0.306262046
1651004732111994368.000000 -0.859667540 -0.006214119 0.181147724 0.047738191 0.935391128 0.180418670 0.300355792
1651004732679015936.000000 -0.908082545 0.000998683 0.176996648 0.053879470 0.940867186 0.181800440 0.280739337
1651004737148748800.000000 -1.025363684 0.031497397 -0.010189801 0.063066177 0.974843502 0.183485270 0.109708495
1651004742018807040.000000 -0.944327831 0.046128530 -0.153604433 0.042924989 0.978170037 0.185223371 -0.083863713
1651004744954244864.000000 -0.953238368 0.066111326 -0.283538938 0.047708351 0.954396248 0.187837094 -0.227088004
1651004746288661248.000000 -0.914858460 0.065042764 -0.345236272 0.038220748 0.932614267 0.180141583 -0.310352683
1651004748223358208.000000 -0.902891397 0.083125889 -0.478869051 0.033705365 0.919237554 0.181954935 -0.347503483
1651004753060215296.000000 -0.755415678 0.119928554 -0.724458933 -0.021683754 -0.794142902 -0.166137323 0.584179163
1651004753293706496.000000 -0.739605129 0.120159268 -0.721697032 -0.019216280 -0.788580179 -0.166414455 0.591674089
1651004753627264256.000000 -0.707741618 0.116989091 -0.714167893 -0.014420236 -0.786145449 -0.161719322 0.596334040
1651004754594628096.000000 -0.625012159 0.101951450 -0.670041740 -0.011639436 -0.758902073 -0.146537617 0.634396493
1651004754861495552.000000 -0.604541779 0.103021212 -0.679873884 -0.012481452 -0.747870862 -0.147154599 0.647208512
1651004755662313728.000000 -0.569710493 0.110157542 -0.737646461 -0.011548311 -0.722541392 -0.149854347 0.674791992
1651004758264221952.000000 -0.451991051 0.095843740 -0.712121308 -0.002700484 -0.662452042 -0.133533731 0.737101555
1651004758531104256.000000 -0.433259279 0.097036034 -0.726598799 0.003356545 -0.648906469 -0.131614417 0.749390960
1651004759731986176.000000 -0.398585021 0.101079874 -0.762448311 0.006566934 -0.591454327 -0.124179676 0.796691954
1651004761366437632.000000 -0.339097917 0.092373230 -0.695743918 0.018721398 -0.552337646 -0.118599810 0.824928284
1651004762433779456.000000 -0.265909553 0.092616752 -0.728488684 0.021802867 -0.475212127 -0.108297169 0.872908831
1651004762700617984.000000 -0.257711232 0.093562774 -0.730729461 0.024354512 -0.469827384 -0.105260856 0.876121700
1651004763467757056.000000 -0.257671028 0.081142902 -0.679972172 0.028467055 -0.459952384 -0.101978026 0.881608725
1651004764101477120.000000 -0.243001834 0.073716424 -0.648585081 0.026037984 -0.445995808 -0.096069999 0.889483154
1651004764435055360.000000 -0.213624582 0.071599267 -0.635519028 0.027284084 -0.424980283 -0.095643722 0.899721980
1651004765469108480.000000 -0.125151008 0.070860349 -0.634226799 0.036313843 -0.378403842 -0.089046970 0.920631528
1651004766870078464.000000 -0.103708595 0.052224763 -0.545324743 0.032407120 -0.376222014 -0.089268826 0.921649516
1651004767036864768.000000 -0.100222379 0.051180609 -0.538707733 0.031112252 -0.367920429 -0.086285129 0.925322354
1651004767537196544.000000 -0.069958225 0.049063664 -0.524428844 0.035670415 -0.338489115 -0.085474581 0.936401010
1651004769872302592.000000 -0.008062139 0.032697201 -0.418775499 0.043034069 -0.259795487 -0.075679362 0.961731255
1651004770372664320.000000 0.020271972 0.027723540 -0.394472569 0.045743950 -0.224247992 -0.071127035 0.970855951
1651004770939681280.000000 0.066613644 0.024481189 -0.388115555 0.051085677 -0.198163226 -0.055871930 0.977240980
1651004771306666752.000000 0.075364597 0.021986540 -0.371278316 0.054209545 -0.181925043 -0.056515582 0.980189085
1651004772074050304.000000 0.062720843 0.010618005 -0.311707735 0.052866388 -0.187130138 -0.051925968 0.979536176
1651004772274181632.000000 0.051372573 0.010738924 -0.300314099 0.056614283 -0.188061014 -0.046183791 0.979436040
1651004772874572288.000000 0.043000698 0.005862145 -0.266522348 0.057726096 -0.170927733 -0.046135515 0.982508481
1651004773441595904.000000 0.062877253 -0.004805159 -0.227133244 0.054148119 -0.139605165 -0.039918996 0.987919450
1651004774108677120.000000 0.089435242 -0.006850172 -0.185074836 0.064226016 -0.098273084 -0.034641098 0.992480457
1651004775509643008.000000 0.026466455 -0.018960752 -0.088870682 0.058571212 -0.077456661 -0.023094354 0.995005786
1651004776777457920.000000 0.035956778 -0.031253126 0.001275662 0.065541893 -0.019753844 -0.008739108 0.997615993
1651004777511360256.000000 0.046157878 -0.036982074 0.046596389 0.070174307 0.018432543 -0.007379086 0.997337162
1651004780479927296.000000 -0.053727601 -0.060683586 0.177534431 0.066699579 0.145040065 0.027408801 0.986794472
1651004780946936064.000000 -0.067529626 -0.058765452 0.204290882 0.074833438 0.160961032 0.033479337 0.983550012
1651004781647403520.000000 -0.124323040 -0.065292448 0.234795794 0.068077140 0.164948046 0.028246751 0.983544469
1651004782247809536.000000 -0.154511213 -0.064237744 0.250066996 0.070938230 0.183541223 0.034226388 0.979851484
1651004783782214144.000000 -0.183238566 -0.080279946 0.349647969 0.065529130 0.262831807 0.044940226 0.961564243
1651004784682776576.000000 -0.231308997 -0.080620244 0.377963006 0.065379292 0.284493834 0.057166632 0.954735994
1651004785917121024.000000 -0.319651127 -0.080743626 0.377995253 0.065306745 0.316303849 0.055611961 0.944772065
1651004787184652800.000000 -0.371081024 -0.085748255 0.461695522 0.074823439 0.400151908 0.073766448 0.910405636
1651004788085305856.000000 -0.398947150 -0.087352075 0.473041326 0.078202732 0.443577200 0.084910013 0.888770998
1651004788652363008.000000 -0.445196241 -0.086791568 0.467398167 0.071216114 0.442725241 0.084803678 0.889792681
1651004789452961536.000000 -0.505585790 -0.076657593 0.458660901 0.081557028 0.452316076 0.084933758 0.884050250
1651004789786562816.000000 -0.528774500 -0.077454284 0.488680601 0.084126741 0.466381967 0.086731464 0.876292288
1651004791220928512.000000 -0.620878518 -0.083502859 0.568804085 0.086396866 0.523158789 0.104738280 0.841350317
1651004791421062656.000000 -0.644360006 -0.077690542 0.559304595 0.086886391 0.529470205 0.105952747 0.837189376
1651004791621196800.000000 -0.667786956 -0.071044847 0.543777466 0.088774972 0.535556972 0.109873407 0.832601726
1651004791821330176.000000 -0.687550783 -0.061960861 0.526193857 0.091083869 0.548222780 0.113658592 0.823551595
1651004792221622016.000000 -0.723147869 -0.064421445 0.504459560 0.088011876 0.578740001 0.111860476 0.802995145
1651004792421782272.000000 -0.735071063 -0.065807953 0.505876184 0.089846969 0.591577530 0.109556250 0.793700814
1651004792822108160.000000 -0.764866173 -0.067104459 0.526560903 0.090451196 0.615973294 0.118368402 0.773553073
1651004793022273792.000000 -0.781715870 -0.068036020 0.537490726 0.091003992 0.631760895 0.119197473 0.760518491
1651004793222411264.000000 -0.795701385 -0.068895459 0.547855377 0.092955001 0.649087667 0.121723831 0.745136142
1651004794423213056.000000 -0.831154227 -0.065851450 0.522200465 0.092721440 0.738429427 0.130316943 0.655089438
1651004795223719168.000000 -0.830244720 -0.071480870 0.488139719 0.081768297 0.759323895 0.132391542 0.631833553
1651004795623978240.000000 -0.831062555 -0.073386490 0.480921030 0.077481560 0.763430893 0.131964400 0.627499223
1651004796424533248.000000 -0.830202460 -0.076636642 0.449827969 0.070503317 0.780613899 0.127717927 0.607749462
1651004797291834880.000000 -0.830349326 -0.076983243 0.409350246 0.064808220 0.798052192 0.126952618 0.585487545
1651004797692109312.000000 -0.829997778 -0.073729798 0.388146162 0.064007111 0.801975846 0.128094852 0.579939187
1651004797892246528.000000 -0.829265833 -0.071445525 0.375474870 0.064146169 0.804939926 0.129505023 0.575487077
1651004798325878016.000000 -0.825072408 -0.066306219 0.350941598 0.065563403 0.812468529 0.129025370 0.564755440
1651004798726153216.000000 -0.821854949 -0.062709421 0.330819428 0.067660317 0.822471201 0.132970169 0.548891723
1651004799226494464.000000 -0.835354090 -0.055052772 0.312525094 0.076102100 0.843066871 0.139264703 0.513859928
1651004799593409024.000000 -0.867212355 -0.049700871 0.300219685 0.072751001 0.855735838 0.141269073 0.492408931
1651004799760188416.000000 -0.879101932 -0.049479052 0.299139023 0.070541054 0.858762801 0.141272917 0.487434447
1651004800427294464.000000 -0.915407777 -0.045851365 0.291198254 0.077506177 0.874483407 0.149939314 0.454741478
1651004801327887104.000000 -0.927338004 -0.030218631 0.220847964 0.078781322 0.887435377 0.159514517 0.425214201
1651004801528025088.000000 -0.925732553 -0.024954319 0.194324553 0.078132316 0.889573991 0.164701432 0.418839961
1651004801694806784.000000 -0.922351420 -0.021902919 0.172788173 0.078303687 0.892686486 0.167209655 0.411120772
1651004801861588736.000000 -0.918103576 -0.017814174 0.155746371 0.077604763 0.896460533 0.168858171 0.402272195
1651004802028370432.000000 -0.915664434 -0.015138626 0.141100615 0.083166398 0.900053442 0.171215653 0.392010689
1651004803729570048.000000 -0.987125397 0.013477743 0.030100286 0.097745359 0.938526630 0.179504499 0.278193772
1651004804797349632.000000 -1.017967582 0.035724744 -0.044417918 0.095316313 0.941161811 0.194680139 0.259285271
1651004805798180864.000000 -1.002643704 0.040639117 -0.114927083 0.091855928 0.953950346 0.194418505 0.209147617
1651004807365945600.000000 -1.032610059 0.030718446 -0.183976829 0.095858820 0.972514927 0.195764154 0.081867173
1651004807832947456.000000 -1.006060600 0.039297365 -0.192791104 0.092291892 0.975748062 0.192879185 0.046857230
1651004808400017408.000000 -0.987910330 0.041918576 -0.202307999 0.089538671 0.976533353 0.193377912 0.031152546
1651004808566801920.000000 -0.994135261 0.041449107 -0.201108769 0.089113064 0.976381958 0.195389137 0.023669612
1651004810901848576.000000 -0.894227624 0.041545894 -0.240570053 0.074377298 0.969640791 0.229465097 -0.040131029
1651004811135359232.000000 -0.890805185 0.053009331 -0.238699406 0.081287093 0.969762623 0.226722896 -0.039364275
1651004812136017152.000000 -0.929031551 0.075004540 -0.276631206 0.077384211 0.965627253 0.223132476 -0.108570620
1651004812736441344.000000 -0.943506002 0.095981643 -0.313394368 0.084954806 0.966647089 0.218922526 -0.102220513
1651004812869869056.000000 -0.936000109 0.105417080 -0.324076772 0.088990189 0.967344224 0.212557375 -0.105570853
1651004813136721664.000000 -0.923358679 0.110253356 -0.341425300 0.087228626 0.966016650 0.212815866 -0.117950864
1651004814170755328.000000 -0.967777073 0.109757990 -0.440367371 0.072406486 0.945106149 0.229708344 -0.220829591
1651004814571019008.000000 -0.983778656 0.115615919 -0.464842796 0.073705293 0.937017679 0.225518331 -0.256333560
1651004815738455296.000000 -0.918228567 0.113798112 -0.522791147 0.064285077 0.925797760 0.229347706 -0.293539792
1651004816772555520.000000 -0.885200322 0.124552704 -0.602896929 0.043666374 0.900768876 0.229522035 -0.366098851
1651004818040040704.000000 -0.837461174 0.135557890 -0.657589257 0.033573806 0.872566998 0.231376261 -0.428910971
1651004818373597184.000000 -0.798402667 0.137256980 -0.656041384 0.029293748 0.867025614 0.229304522 -0.441393137
1651004819340926720.000000 -0.733857274 0.140923470 -0.712957978 0.010955160 0.837627232 0.220031872 -0.499846548
1651004819741223936.000000 -0.719219625 0.144985318 -0.743500710 -0.008684240 -0.823474288 -0.217537805 0.523919821
1651004820775412992.000000 -0.666853786 0.152635574 -0.779544830 -0.004548818 -0.805133343 -0.218696967 0.551281512
1651004820975591936.000000 -0.648020327 0.149314135 -0.778942525 -0.003579969 -0.808922887 -0.217527166 0.546180248
1651004821809512960.000000 -0.570003152 0.145708293 -0.787618995 -0.001951979 -0.795840859 -0.212426051 0.567017317
1651004822209780480.000000 -0.546739519 0.143031210 -0.814883649 0.000432747 -0.782236755 -0.208135352 0.587184072
1651004822443264256.000000 -0.536273062 0.143452913 -0.823811471 0.000275648 -0.771224082 -0.209104300 0.601239324
1651004822676747008.000000 -0.525940597 0.147675902 -0.834684730 0.001318062 -0.757555246 -0.213066250 0.617017925
1651004823977661440.000000 -0.418812096 0.141865671 -0.812147617 0.007545847 -0.729142845 -0.206845492 0.652310252
1651004824411288320.000000 -0.380171150 0.136277109 -0.797510743 0.007470601 -0.716522038 -0.200370565 0.668125749
1651004824611421440.000000 -0.358814448 0.134494722 -0.796781242 0.009813614 -0.703014135 -0.195856750 0.683604360
1651004824811554048.000000 -0.338067234 0.133473814 -0.808993936 0.014356855 -0.693008602 -0.191113859 0.694988072
1651004825011686400.000000 -0.321608722 0.129970014 -0.816926897 0.016050490 -0.684085727 -0.187341183 0.704749823
1651004826812951296.000000 -0.208616048 0.115558192 -0.737944424 0.038937882 -0.588113964 -0.167534679 0.790277123
1651004827046461440.000000 -0.199732110 0.112277366 -0.716003716 0.039169349 -0.581656456 -0.166742817 0.795197010
1651004827313308416.000000 -0.184968114 0.108539745 -0.695015073 0.037969977 -0.562125862 -0.166133046 0.809303761
1651004827680221952.000000 -0.154850096 0.105876222 -0.677736700 0.039115101 -0.532751739 -0.163720191 0.829361975
1651004827913711872.000000 -0.129995391 0.104371004 -0.676393270 0.041951928 -0.511476934 -0.158741638 0.843464553
1651004828414060544.000000 -0.088224143 0.104270495 -0.677914321 0.052973494 -0.466102839 -0.153837115 0.869641364
1651004828680915968.000000 -0.073224247 0.104230739 -0.670355320 0.058210008 -0.441793233 -0.149233401 0.882700264
1651004829214639104.000000 -0.048193395 0.100770898 -0.637501836 0.067226388 -0.416352063 -0.141580507 0.895592809
1651004829514874624.000000 -0.033631027 0.088535696 -0.606959224 0.061004937 -0.414384365 -0.134116292 0.898096204
1651004830182051840.000000 -0.023580492 0.080368809 -0.542981982 0.059838764 -0.392394602 -0.133909732 0.908027530
1651004830582316800.000000 -0.003840163 0.073894985 -0.510173440 0.065516710 -0.362953544 -0.123618349 0.921244144
1651004830915869440.000000 0.025026783 0.067594297 -0.482862085 0.070386782 -0.334135681 -0.118047982 0.932450354
1651004831182715648.000000 0.045913234 0.064522952 -0.468395025 0.072599344 -0.311226964 -0.114866979 0.940570414
1651004831449566464.000000 0.060569659 0.062622026 -0.455229521 0.078164451 -0.293630064 -0.105013825 0.946912766
1651004831716417024.000000 0.066935644 0.061502248 -0.441940129 0.082898565 -0.282062292 -0.099394657 0.950625777
1651004832016623360.000000 0.072561830 0.058703899 -0.421652675 0.085687183 -0.273700207 -0.096922278 0.953074992
1651004832316843264.000000 0.070849419 0.053776003 -0.403896630 0.081313223 -0.277236134 -0.095934667 0.952535987
1651004832650424576.000000 0.062201083 0.049800184 -0.386325061 0.082163446 -0.273578048 -0.093622781 0.953749955
1651004832917290752.000000 0.053798765 0.046990748 -0.367860019 0.082144171 -0.264679283 -0.090602182 0.956550300
1651004833217529600.000000 0.041883618 0.045644797 -0.345622420 0.083945513 -0.255969971 -0.089144610 0.958898187
1651004833517780224.000000 0.023444586 0.042953495 -0.317471266 0.087281421 -0.224229351 -0.087716922 0.966648281
1651004833818032640.000000 0.007604077 0.044700287 -0.293352067 0.096073344 -0.192272261 -0.081305474 0.973237216
1651004834084919808.000000 0.000390194 0.039070141 -0.272343218 0.092697732 -0.173284486 -0.072963081 0.977781177
1651004834385127168.000000 0.001510896 0.036493693 -0.245971128 0.095069341 -0.158662900 -0.065812275 0.980538964
1651004834651976960.000000 0.007274915 0.030679960 -0.216832474 0.098009035 -0.135768071 -0.060147103 0.984044492
1651004834918827008.000000 0.018188853 0.023766886 -0.184837207 0.101089962 -0.109922796 -0.055132914 0.987247765
1651004836086454784.000000 0.016872881 0.006535381 -0.086338811 0.103211276 -0.044936802 -0.034523997 0.993043900
1651004836686870528.000000 -0.034225449 -0.003669363 -0.031903498 0.091608286 -0.040950947 -0.026009426 0.994612694
1651004837520786432.000000 -0.070265569 -0.014837600 0.029095478 0.087700278 0.022396235 -0.020721206 0.995679498
1651004838121209088.000000 -0.063351586 -0.027050296 0.097054124 0.090389609 0.070400663 -0.015113754 0.993300080
1651004839522173184.000000 -0.116539694 -0.042946916 0.223295420 0.082104959 0.128998876 -0.011460093 0.988173425
1651004839789027584.000000 -0.128491312 -0.041801449 0.238698542 0.085552767 0.144285187 -0.015635861 0.985706866
1651004840322736128.000000 -0.129525989 -0.044232741 0.279510170 0.088584132 0.199923426 0.002199365 0.975796402
1651004840556232960.000000 -0.123944513 -0.041527811 0.291288733 0.090078570 0.208784729 0.005757394 0.973787248
1651004841256722176.000000 -0.151856959 -0.019347999 0.310021430 0.081438147 0.288859606 0.009974292 0.953849316
1651004841523574528.000000 -0.164204538 -0.021120239 0.308097601 0.084556736 0.312986851 0.002923142 0.945981383
1651004842357521664.000000 -0.190158337 -0.017703936 0.322950900 0.087026447 0.331173927 0.016564427 0.939401865
