1649436717078685184.000000 0.000000000 0.000000000 0.000000000 0.000000000 0.000000000 0.000000000 1.000000000
1649436717198307840.000000 -0.025306957 -0.015178178 0.049167756 -0.001024154 0.010623037 0.005169370 0.999929667
1649436717315425024.000000 -0.050569523 -0.027941059 0.094197363 -0.004077840 0.019092590 0.011499920 0.999743283
1649436717436429568.000000 -0.071934506 -0.040852014 0.133517414 -0.006181895 0.025025269 0.015918726 0.999540925
1649436717555721984.000000 -0.089784279 -0.053580061 0.171016917 -0.004620282 0.028981548 0.015758500 0.999445021
1649436717675770112.000000 -0.105473191 -0.065403312 0.205627963 -0.003670950 0.030104395 0.014522291 0.999434531
1649436717797647872.000000 -0.121906601 -0.077891171 0.241024032 -0.005159084 0.031251106 0.014690974 0.999390304
1649436717916324352.000000 -0.139290497 -0.090301827 0.275471807 -0.007499114 0.030475410 0.016845262 0.999365449
1649436718035673088.000000 -0.155308202 -0.102454409 0.308106184 -0.009680696 0.029638335 0.018942898 0.999334276
1649436718157511680.000000 -0.170170695 -0.115048967 0.340921074 -0.011467705 0.027250882 0.019546669 0.999371707
1649436718279317760.000000 -0.182893395 -0.127666593 0.372740954 -0.013428597 0.022951242 0.018370310 0.999477565
1649436718398593792.000000 -0.195145905 -0.140106738 0.405164659 -0.014691781 0.019383758 0.016057741 0.999575198
1649436718519769600.000000 -0.207313389 -0.152891532 0.438559413 -0.014849729 0.015919242 0.013984554 0.999665201
1649436718638530816.000000 -0.218989328 -0.165669814 0.472113103 -0.014345447 0.012263344 0.012431770 0.999744594
1649436718757028352.000000 -0.230899811 -0.178629920 0.505139947 -0.015247933 0.008238279 0.011769312 0.999780536
1649436718874269184.000000 -0.243313432 -0.192146078 0.539605200 -0.017263664 0.004148098 0.011927937 0.999771237
1649436718995746304.000000 -0.256163001 -0.206093147 0.575443566 -0.018274490 0.000990315 0.011529817 0.999766052
1649436719115558656.000000 -0.269823700 -0.220715284 0.614871025 -0.017609149 -0.000428809 0.010072041 0.999794126
1649436719233316864.000000 -0.284621716 -0.235311121 0.656613111 -0.016367422 0.000024544 0.008535040 0.999829650
1649436719352248064.000000 -0.300367028 -0.249741390 0.697790802 -0.014926777 0.000902732 0.008902562 0.999848545
1649436719468677888.000000 -0.317924380 -0.264331430 0.740986109 -0.013205083 0.002133608 0.011649101 0.999842703
1649436719588091904.000000 -0.335520357 -0.278909177 0.783746660 -0.012069396 0.003806853 0.013499164 0.999828815
1649436719826805248.000000 -0.370597094 -0.309019536 0.870575666 -0.011257508 0.004999445 0.014470690 0.999819398
1649436719946473472.000000 -0.386998177 -0.323827624 0.912390113 -0.010947607 0.005195983 0.014484446 0.999821663
1649436720183535872.000000 -0.419416815 -0.354052246 0.995613039 -0.011723645 0.004127052 0.014220230 0.999821663
1649436720423989760.000000 -0.452035129 -0.384218186 1.079930425 -0.011118907 0.002979969 0.014061731 0.999834895
1649436720663418368.000000 -0.482607543 -0.413677990 1.162522435 -0.010355935 0.000821381 0.013421138 0.999855936
1649436720902476288.000000 -0.511618853 -0.444021523 1.243147016 -0.010485437 -0.003332903 0.011693658 0.999871075
1649436721138129152.000000 -0.539680839 -0.474779159 1.323243380 -0.011807988 -0.008355521 0.010689559 0.999838233
1649436721371376384.000000 -0.566801429 -0.505139410 1.403918386 -0.013742299 -0.013016843 0.010060543 0.999770224
1649436721610087424.000000 -0.593619108 -0.535453439 1.486222029 -0.014649983 -0.017799839 0.009897905 0.999685228
1649436721729332992.000000 -0.607362092 -0.551142216 1.528938293 -0.014338342 -0.019854903 0.009966220 0.999650359
1649436721969786880.000000 -0.635745466 -0.582659781 1.616864443 -0.012293847 -0.022527045 0.010235130 0.999618232
1649436722088664832.000000 -0.650819957 -0.598826766 1.662086010 -0.012386266 -0.022935288 0.010466862 0.999605417
1649436722208850688.000000 -0.665516734 -0.614795685 1.707341433 -0.012044804 -0.022840286 0.010775300 0.999608457
1649436722329507328.000000 -0.680539072 -0.630926669 1.752743363 -0.011743129 -0.023194075 0.011050775 0.999600947
1649436722451506944.000000 -0.696083784 -0.647553444 1.798965096 -0.012854076 -0.023752637 0.011003409 0.999574661
1649436722700204800.000000 -0.726675034 -0.682226598 1.893886328 -0.013785325 -0.024383910 0.010924652 0.999547899
1649436722822114048.000000 -0.742224157 -0.699338496 1.940783381 -0.014863560 -0.024713742 0.011330496 0.999519825
1649436722943323648.000000 -0.757747710 -0.716621220 1.987879872 -0.014896449 -0.024380421 0.010934048 0.999531984
1649436723064210432.000000 -0.773465276 -0.733827055 2.034893513 -0.016371792 -0.024479060 0.011349830 0.999501824
1649436723186756608.000000 -0.789614916 -0.751040816 2.081963062 -0.017088812 -0.024176836 0.011955502 0.999490142
1649436723309249024.000000 -0.805385172 -0.768248022 2.129437685 -0.017056728 -0.023861693 0.012076688 0.999496818
1649436723433020160.000000 -0.821478426 -0.785719335 2.177147388 -0.017262207 -0.023595767 0.012546121 0.999493778
1649436723557858816.000000 -0.837017953 -0.803554595 2.225609064 -0.017085763 -0.024440378 0.012963859 0.999471188
1649436723806875648.000000 -0.865232110 -0.838053286 2.317774773 -0.016338291 -0.027450982 0.011152467 0.999427378
1649436723931978496.000000 -0.879861951 -0.855608821 2.366036177 -0.015727345 -0.027546994 0.010181872 0.999444902
1649436724055877376.000000 -0.894792199 -0.873152792 2.414229155 -0.015025776 -0.027077403 0.009316684 0.999476969
1649436724177541888.000000 -0.910223424 -0.890718699 2.462307453 -0.015039132 -0.026212996 0.008640829 0.999505877
1649436724298965504.000000 -0.926339328 -0.908486843 2.510874748 -0.015381087 -0.025824264 0.008354100 0.999513268
1649436724422154496.000000 -0.942682266 -0.925760686 2.558291912 -0.016133478 -0.025993725 0.008722872 0.999493837
1649436724546306560.000000 -0.958401680 -0.943818927 2.607969761 -0.015514739 -0.024557045 0.007486075 0.999549985
1649436724669874176.000000 -0.973993063 -0.961060584 2.656554699 -0.014087910 -0.023254624 0.006460162 0.999609411
1649436724792185344.000000 -0.989480495 -0.977120757 2.704308271 -0.011963923 -0.021897744 0.007027347 0.999663949
1649436724914227712.000000 -1.005873561 -0.993904948 2.752025366 -0.010473352 -0.021317212 0.008436991 0.999682307
1649436725036214528.000000 -1.021379113 -1.010547638 2.800189734 -0.008975151 -0.020375254 0.008032861 0.999719858
1649436725158917120.000000 -1.036849499 -1.027252197 2.847480297 -0.007317521 -0.019639980 0.007341563 0.999753356
1649436725281539840.000000 -1.052448750 -1.043879032 2.895153999 -0.006912019 -0.019291535 0.007460672 0.999762177
1649436725528936448.000000 -1.085705996 -1.077919126 2.991762877 -0.008541265 -0.019080246 0.008101850 0.999748647
1649436725780389120.000000 -1.119419098 -1.113122463 3.090690851 -0.009856930 -0.018661695 0.007833102 0.999746561
1649436725902467072.000000 -1.136349082 -1.130529523 3.139376163 -0.011198006 -0.018931139 0.008394518 0.999722838
1649436726024259328.000000 -1.152138710 -1.148580432 3.186551571 -0.013905958 -0.019765804 0.008564761 0.999671221
1649436726147222784.000000 -1.168134928 -1.167089820 3.234015942 -0.015974963 -0.020496480 0.007446995 0.999634564
1649436726270967552.000000 -1.183568597 -1.184691668 3.280803919 -0.017176772 -0.021215539 0.007024333 0.999602675
1649436726392817408.000000 -1.198704720 -1.202291369 3.327270269 -0.017928293 -0.021985447 0.007461309 0.999569654
1649436726520623360.000000 -1.214399099 -1.220875740 3.374273777 -0.019255703 -0.022824505 0.008117564 0.999521077
1649436726648050944.000000 -1.229820609 -1.238920689 3.421205521 -0.019797605 -0.023599181 0.008198991 0.999491811
1649436726901860608.000000 -1.257949591 -1.272108436 3.514067173 -0.015780993 -0.024072127 0.005288678 0.999571681
1649436727029732096.000000 -1.271745801 -1.288480997 3.559541225 -0.013193392 -0.024403155 0.005653557 0.999599159
1649436727277371136.000000 -1.300166011 -1.320236564 3.650113821 -0.009410831 -0.024376851 0.005858300 0.999641359
1649436727526013696.000000 -1.328429461 -1.352057099 3.740303040 -0.007899403 -0.024224026 0.004686882 0.999664366
1649436727651019520.000000 -1.343043447 -1.367955208 3.785747051 -0.008112142 -0.024226004 0.005202006 0.999660075
1649436727899406080.000000 -1.372197390 -1.399941325 3.875411510 -0.008704435 -0.024295943 0.005369470 0.999652505
1649436728022362112.000000 -1.386862159 -1.415727019 3.920192957 -0.008521128 -0.024051782 0.005252521 0.999660611
1649436728143830528.000000 -1.400594234 -1.431040764 3.963087559 -0.008517889 -0.024410119 0.005144767 0.999652505
1649436728265309440.000000 -1.414489627 -1.446757317 4.006133080 -0.009046201 -0.024594186 0.005153959 0.999643326
1649436728386226432.000000 -1.428797841 -1.462775588 4.049359322 -0.010343100 -0.024922173 0.005147404 0.999622643
1649436728507764992.000000 -1.442512512 -1.478245854 4.091713428 -0.011913786 -0.025483064 0.005187488 0.999590814
1649436728629132032.000000 -1.455594897 -1.493412137 4.133659840 -0.012083396 -0.026045397 0.005379389 0.999573231
1649436728749691648.000000 -1.468487382 -1.508795857 4.175588608 -0.012724989 -0.026553633 0.004747545 0.999555111
1649436728870514432.000000 -1.481389642 -1.523417354 4.217126369 -0.011612583 -0.026653143 0.005026803 0.999564648
1649436728991008512.000000 -1.494471788 -1.537925601 4.258557320 -0.010073134 -0.026383890 0.005876326 0.999583840
1649436729111781888.000000 -1.507447720 -1.552696586 4.299672604 -0.010048009 -0.026297241 0.006188269 0.999584496
1649436729350096896.000000 -1.532961130 -1.581575990 4.380974293 -0.009967453 -0.026808714 0.007305394 0.999564171
1649436729469692416.000000 -1.546237946 -1.595737457 4.421010494 -0.010777980 -0.026878236 0.008250078 0.999546587
1649436729588939776.000000 -1.558943272 -1.610097289 4.461313725 -0.010515905 -0.026556874 0.008530081 0.999555588
1649436729708830720.000000 -1.571765542 -1.624324322 4.501869678 -0.010513344 -0.026552141 0.008779787 0.999553561
1649436729948514816.000000 -1.597359300 -1.652448654 4.580595493 -0.010749353 -0.026490020 0.009968542 0.999541581
1649436730066674688.000000 -1.609927773 -1.666594028 4.619873524 -0.011034675 -0.026471240 0.010536858 0.999533117
1649436730304969216.000000 -1.635043621 -1.694434762 4.697190762 -0.011509582 -0.025851840 0.010934659 0.999539733
1649436730422817536.000000 -1.647732139 -1.707866549 4.735256195 -0.011857186 -0.025776939 0.011210147 0.999534547
1649436730661913600.000000 -1.672766685 -1.735095859 4.811433315 -0.011709950 -0.025132390 0.011429622 0.999550223
1649436730781855488.000000 -1.684995651 -1.748492122 4.848584175 -0.011869964 -0.025136761 0.011238433 0.999550343
1649436730901425664.000000 -1.697157979 -1.761765242 4.885398388 -0.012341094 -0.025126608 0.011548225 0.999541402
1649436731142637056.000000 -1.720918536 -1.788064241 4.958153248 -0.012207377 -0.024483323 0.011336475 0.999561429
1649436731261027328.000000 -1.731996775 -1.800698400 4.992416859 -0.012543810 -0.024117498 0.010432358 0.999575973
1649436731502419200.000000 -1.754734039 -1.826080561 5.061529636 -0.013871881 -0.024035228 0.010268882 0.999562144
1649436731736811520.000000 -1.774678469 -1.849316835 5.123976231 -0.013803610 -0.024358843 0.010462078 0.999553204
1649436731977792768.000000 -1.793724060 -1.872006178 5.183033943 -0.014858878 -0.025315406 0.009884709 0.999520183
1649436732213709312.000000 -1.809556127 -1.891707063 5.236065388 -0.014878635 -0.026507610 0.008213732 0.999504149
1649436732684500480.000000 -1.834718347 -1.923817635 5.325889587 -0.008827269 -0.030031944 0.006044797 0.999491692
1649436733036145664.000000 -1.851253748 -1.947683096 5.386250019 -0.009679717 -0.032831874 0.003216456 0.999408841
1649436733391991040.000000 -1.867328882 -1.967770815 5.443637848 -0.006897498 -0.036004320 0.003179554 0.999322772
1649436733743451392.000000 -1.880473971 -1.986354113 5.495577812 -0.006477819 -0.037832770 0.000752455 0.999262810
1649436734103901696.000000 -1.891348362 -2.002385616 5.538015842 -0.005395323 -0.040016808 -0.000431644 0.999184370
1649436734456692736.000000 -1.899838328 -2.015918255 5.571609497 -0.008566487 -0.041968647 -0.002192580 0.999079823
1649436735168889344.000000 -1.916583538 -2.040587187 5.637672424 -0.012630157 -0.046484124 -0.004239668 0.998830199
1649436735405936640.000000 -1.920701742 -2.048770428 5.658483505 -0.012595029 -0.048070207 -0.005726672 0.998748124
1649436735762605568.000000 -1.928587198 -2.060967922 5.689470768 -0.015347159 -0.051166672 -0.005052853 0.998559415
1649436735993659392.000000 -1.932460546 -2.069134712 5.708631516 -0.016341664 -0.052769113 -0.006720712 0.998450398
1649436736109393152.000000 -1.934792519 -2.073071241 5.718319893 -0.016807271 -0.053513672 -0.006343262 0.998405516
1649436736340417280.000000 -1.939160824 -2.081264019 5.737055779 -0.019209061 -0.055099133 -0.007670465 0.998266637
1649436736455823360.000000 -1.941039562 -2.084994793 5.746654034 -0.019882066 -0.055556331 -0.009252411 0.998214722
1649436736802460928.000000 -1.947189450 -2.095738649 5.773634434 -0.019978227 -0.057233345 -0.010086203 0.998109937
1649436737033719296.000000 -1.950837612 -2.102495909 5.791778564 -0.020259077 -0.057872076 -0.011319275 0.998054266
1649436737262872320.000000 -1.953902960 -2.109217644 5.809873581 -0.019111509 -0.058147244 -0.014185976 0.998024225
1649436737377807872.000000 -1.955446839 -2.112419367 5.818288803 -0.018751875 -0.059670717 -0.013252509 0.997953951
1649436737608456448.000000 -1.959880233 -2.118885517 5.836006165 -0.017293073 -0.061006043 -0.010109555 0.997936368
1649436737721973248.000000 -1.961195946 -2.122062206 5.844935417 -0.017262409 -0.061805740 -0.011496377 0.997872710
1649436737838217728.000000 -1.962617874 -2.125267506 5.854226112 -0.016512206 -0.061267436 -0.013335981 0.997895658
1649436738302994688.000000 -1.968827844 -2.138519287 5.889437199 -0.011754924 -0.063207269 -0.013880851 0.997834623
1649436738418001664.000000 -1.970057726 -2.141844749 5.898096561 -0.009446500 -0.062887259 -0.014830138 0.997865736
1649436738880603392.000000 -1.974500537 -2.150923729 5.921661854 -0.007455991 -0.064411439 -0.015940262 0.997768223
1649436739112470528.000000 -1.975667596 -2.153404236 5.928072929 -0.009008961 -0.064994767 -0.016772941 0.997703969
1649436739462607616.000000 -1.977441430 -2.157144308 5.937250614 -0.009817356 -0.066125542 -0.016619597 0.997624576
1649436739580405248.000000 -1.978066683 -2.158693075 5.940540314 -0.010799341 -0.066576093 -0.016710235 0.997582972
1649436739696540416.000000 -1.979138613 -2.160594940 5.944750309 -0.012342946 -0.067357540 -0.016646173 0.997513652
1649436740048166912.000000 -1.982136965 -2.166893959 5.961635113 -0.012733395 -0.069006689 -0.016775774 0.997393847
1649436740398602240.000000 -1.986831546 -2.176170111 5.983696461 -0.016587313 -0.071393080 -0.016414730 0.997175217
1649436740629856768.000000 -1.991072655 -2.183779955 6.002843380 -0.019708760 -0.073251389 -0.015412921 0.996999621
1649436740746257152.000000 -1.993051291 -2.187915802 6.013870716 -0.019473769 -0.073703311 -0.015580581 0.996968329
1649436740976564224.000000 -1.997524142 -2.195958853 6.037724972 -0.017993404 -0.074656881 -0.014863176 0.996936142
1649436741092507904.000000 -2.000108004 -2.200360537 6.050582409 -0.017373022 -0.074791089 -0.014538239 0.996941864
1649436741208677632.000000 -2.002192259 -2.205352783 6.063515186 -0.017148977 -0.074885644 -0.015689021 0.996921241
1649436741442542336.000000 -2.006757736 -2.215899944 6.089501858 -0.017740544 -0.075235479 -0.017473755 0.996854842
1649436741675648256.000000 -2.012288094 -2.226291418 6.114779472 -0.022993835 -0.077167213 -0.016510716 0.996616244
1649436741792750080.000000 -2.014775515 -2.231534719 6.127989769 -0.025180897 -0.078024015 -0.016764145 0.996492445
1649436741910035712.000000 -2.016823292 -2.237135649 6.142060757 -0.026516380 -0.078330897 -0.017431194 0.996422231
1649436742027727872.000000 -2.019952297 -2.243112803 6.156454563 -0.027168516 -0.078886770 -0.017648434 0.996357024
1649436742146222080.000000 -2.023679972 -2.250118971 6.173203945 -0.027599046 -0.077715687 -0.017862620 0.996433377
1649436742266441984.000000 -2.029542685 -2.257173777 6.194891930 -0.029470000 -0.072510540 -0.017765593 0.996773839
1649436742382923008.000000 -2.041371822 -2.264262199 6.224812984 -0.032940697 -0.063890129 -0.016216569 0.997281313
1649436742499891968.000000 -2.057922602 -2.271588564 6.260003090 -0.037809230 -0.050610840 -0.012968504 0.997918248
1649436742733404672.000000 -2.098243475 -2.285357952 6.340626717 -0.040453825 -0.003942945 -0.009706484 0.999126494
1649436742848552960.000000 -2.120675087 -2.290150642 6.378169060 -0.037747763 0.032472633 -0.005212770 0.998745918
1649436742963131648.000000 -2.149533272 -2.294924259 6.413971424 -0.038610190 0.069794036 0.002791068 0.996810019
1649436743080581120.000000 -2.178342342 -2.299592733 6.441196918 -0.040610809 0.113543063 0.014697956 0.992593944
1649437025483676672.000000 -0.092303179 0.021760320 -0.124728411 0.002775269 -0.071009539 -0.011266147 0.997408152
1649437025605359616.000000 -0.112143248 -0.001908971 -0.053520307 0.001638493 -0.064448416 -0.009420178 0.997875214
1649437025732973312.000000 -0.132151678 -0.024143487 0.013946892 -0.002400370 -0.060019054 -0.005845239 0.998177230
1649437025858177280.000000 -0.153899729 -0.047199309 0.082643785 -0.006706624 -0.056756053 -0.001818557 0.998363912
1649437025981517824.000000 -0.172742397 -0.068402961 0.146481946 -0.008782366 -0.053840198 0.000765677 0.998510659
1649437026101208064.000000 -0.189323515 -0.088787489 0.204968452 -0.009503952 -0.051665351 0.000839767 0.998618901
1649437026221713920.000000 -0.205125675 -0.109230727 0.262247145 -0.009282146 -0.049720939 0.000620201 0.998719811
1649437026341445888.000000 -0.221804947 -0.129597828 0.319750696 -0.010282839 -0.047515124 0.000508823 0.998817444
1649437026460709888.000000 -0.238121212 -0.149586946 0.375506729 -0.011210999 -0.045598030 0.001390620 0.998896003
1649437026580460032.000000 -0.254404336 -0.168610156 0.429762363 -0.011620572 -0.044640485 0.003814234 0.998928249
1649437026703125248.000000 -0.270901144 -0.188287869 0.484551132 -0.013038191 -0.043794241 0.004785208 0.998944044
1649437026825220608.000000 -0.285807103 -0.207117438 0.537742913 -0.012007698 -0.042155754 0.003436547 0.999032974
1649437026946340352.000000 -0.300927907 -0.225609452 0.592715800 -0.010790945 -0.040411502 0.002337901 0.999122083
1649437027069331968.000000 -0.316414237 -0.243614018 0.645057738 -0.009805169 -0.039867550 0.003629570 0.999150276
1649437027190671616.000000 -0.332321584 -0.261966020 0.698376179 -0.009023729 -0.038640141 0.004785782 0.999201000
1649437027310611456.000000 -0.348475248 -0.279467016 0.750421762 -0.008419705 -0.037496258 0.005049992 0.999248564
1649437027432427520.000000 -0.364006162 -0.297157943 0.801695943 -0.007948643 -0.036247287 0.004974357 0.999298871
1649437027556596736.000000 -0.380502284 -0.315966815 0.855483770 -0.007955918 -0.035107151 0.004956912 0.999339581
1649437027673485824.000000 -0.395875037 -0.333810627 0.905987918 -0.008828531 -0.034041144 0.004680866 0.999370456
1649437027791497728.000000 -0.410525411 -0.350375205 0.955603004 -0.009827141 -0.033214714 0.004984023 0.999387503
1649437028029606144.000000 -0.439329445 -0.384074301 1.053687096 -0.008018576 -0.031847913 0.004140616 0.999451995
1649437028268740352.000000 -0.469595253 -0.417678863 1.153641701 -0.008031668 -0.029999776 0.003417964 0.999511778
1649437028509675520.000000 -0.502412915 -0.453822732 1.253219604 -0.009484522 -0.027075438 0.003602747 0.999581933
1649437028748622592.000000 -0.536055624 -0.489850789 1.354871750 -0.011962175 -0.024519378 0.004641423 0.999617040
1649437028989063680.000000 -0.569835663 -0.525681496 1.453957796 -0.014125409 -0.022632912 0.006493936 0.999622941
1649437029224633600.000000 -0.603017092 -0.559497297 1.550918102 -0.014555808 -0.021683225 0.008509324 0.999622703
1649437029344559104.000000 -0.618652701 -0.576452792 1.598360062 -0.012882815 -0.021238426 0.009219674 0.999648929
1649437029581251840.000000 -0.649959326 -0.609912276 1.692827225 -0.012453006 -0.022301139 0.010494508 0.999618649
1649437029698916608.000000 -0.664999247 -0.626748204 1.739610672 -0.011990549 -0.023311440 0.010284315 0.999603450
1649437030057747456.000000 -0.710848808 -0.679607987 1.884544849 -0.014473295 -0.026554314 0.009494212 0.999497533
1649437030537148160.000000 -0.770967484 -0.752781808 2.081375122 -0.016489157 -0.030357668 0.007606208 0.999374151
1649437030776354048.000000 -0.802537560 -0.789013684 2.182367563 -0.016082730 -0.029776689 0.008026738 0.999394953
1649437031133374464.000000 -0.848745883 -0.843313336 2.330641031 -0.015197203 -0.030531237 0.007893172 0.999387085
1649437031492585984.000000 -0.892164290 -0.896428406 2.477683067 -0.013533918 -0.031908367 0.004792748 0.999387681
1649437031851953152.000000 -0.935704231 -0.951338291 2.624063253 -0.012872001 -0.033779453 0.000972403 0.999345958
1649437032088558592.000000 -0.963394761 -0.984945059 2.718955755 -0.008791333 -0.034269881 0.000281822 0.999373913
1649437032332320512.000000 -0.991143107 -1.018778801 2.815357685 -0.005374109 -0.033167258 -0.000835927 0.999435008
1649437032690311936.000000 -1.034631371 -1.070201397 2.962109566 -0.005885614 -0.034466714 -0.001231550 0.999387741
1649437033083603200.000000 -1.078297377 -1.125027657 3.116904020 -0.008461687 -0.033779822 -0.001922099 0.999391615
1649437033326999040.000000 -1.109187365 -1.162726045 3.220216036 -0.013661784 -0.033055823 -0.002098500 0.999357939
1649437033567479552.000000 -1.137393832 -1.197599649 3.316119671 -0.016391775 -0.030727996 -0.002544650 0.999390125
1649437033809300736.000000 -1.166897535 -1.233180046 3.406995773 -0.018171322 -0.029604089 -0.001494052 0.999395430
1649437034050441472.000000 -1.195866704 -1.266583085 3.499019861 -0.014270007 -0.025876362 -0.002125786 0.999561071
1649437034294875904.000000 -1.225165606 -1.299049616 3.588015556 -0.009011681 -0.022258479 -0.000340945 0.999711573
1649437034666497024.000000 -1.274902105 -1.349064946 3.730956316 -0.007204127 -0.016332449 0.002024327 0.999838591
1649437034911821824.000000 -1.306731105 -1.380820394 3.820487022 -0.006759764 -0.013316164 0.003630313 0.999881923
1649437035279523840.000000 -1.356967092 -1.429148436 3.960139751 -0.007492021 -0.011335174 0.004894157 0.999895692
1649437035521776384.000000 -1.388662815 -1.461388230 4.049257278 -0.009369834 -0.010873526 0.004924694 0.999884844
1649437035763531008.000000 -1.421171546 -1.493534327 4.137574673 -0.011964975 -0.010249333 0.005452950 0.999861002
1649437036003616000.000000 -1.452832699 -1.523713827 4.223015785 -0.012741059 -0.010225954 0.006484947 0.999845505
1649437036244729088.000000 -1.483566880 -1.554389715 4.310067654 -0.011196849 -0.010556801 0.008323988 0.999846935
1649437036486194176.000000 -1.513565063 -1.586688042 4.395298481 -0.009809418 -0.014085806 0.008385540 0.999817491
1649437036729142272.000000 -1.541974068 -1.616974950 4.480133057 -0.009875008 -0.017102463 0.009143261 0.999763191
1649437037086610432.000000 -1.582491279 -1.661813498 4.606739998 -0.008694499 -0.020345623 0.009357223 0.999711394
1649437037322780928.000000 -1.608632565 -1.690028310 4.686606407 -0.009551524 -0.022243617 0.009651638 0.999660373
1649437037917879296.000000 -1.669801712 -1.757711649 4.874509811 -0.009070975 -0.022873182 0.009361275 0.999653399
1649437038394767104.000000 -1.712674737 -1.806756854 5.007092476 -0.011229687 -0.023958005 0.007035880 0.999625146
1649437038628496128.000000 -1.732089043 -1.829193473 5.067159653 -0.012085517 -0.025276504 0.007069021 0.999582469
1649437038860655872.000000 -1.749793768 -1.850604773 5.124066830 -0.013431869 -0.026402215 0.006539370 0.999539733
1649437039097997056.000000 -1.766024590 -1.871673465 5.177473545 -0.015718497 -0.028268212 0.005600783 0.999461114
1649437040601618432.000000 -1.841024637 -1.963781238 5.435138226 -0.002284106 -0.033266976 0.003050730 0.999439240
1649437040946270720.000000 -1.848668575 -1.973281026 5.461549759 -0.005794787 -0.034111585 0.002304147 0.999398589
1649437041174148096.000000 -1.852625966 -1.977969170 5.474273205 -0.008036179 -0.034841094 0.002134842 0.999358296
1649437046256685824.000000 -1.857744694 -1.985613227 5.492780685 -0.010144662 -0.034788955 0.001101403 0.999342561
1649437047304149504.000000 -1.858017921 -1.985687494 5.492727757 -0.010302114 -0.035123337 0.001168555 0.999329209
1649437048003475712.000000 -1.858966589 -1.987044454 5.496197224 -0.010640375 -0.035124339 0.000904913 0.999325871
1649437054357581568.000000 -1.866852880 -1.998009562 5.525863647 -0.010567543 -0.035349127 -0.000271812 0.999319136
1649437054709235456.000000 -1.871571302 -2.003131628 5.533198833 -0.011331961 -0.037289679 0.001111514 0.999239624
1649437055061613824.000000 -1.878004789 -2.009976625 5.542976856 -0.012377993 -0.041317336 0.005538783 0.999054015
1649437055293570048.000000 -1.883211374 -2.015411615 5.550840855 -0.015600288 -0.045533966 0.009894418 0.998791993
1649437055524784384.000000 -1.889917016 -2.022236109 5.560852528 -0.018124644 -0.050529003 0.013904423 0.998461306
1649437055873062912.000000 -1.891651630 -2.034632206 5.588997841 -0.016449451 -0.048377063 0.010931703 0.998633862
1649437056105067520.000000 -1.897675514 -2.039016724 5.634389877 -0.014999903 -0.041574843 -0.001339627 0.999021888
1649437056458708224.000000 -1.905387878 -2.051585197 5.667255878 -0.015337743 -0.043227538 -0.002822997 0.998943508
1649437056805372160.000000 -1.913921952 -2.064970732 5.700629711 -0.016096091 -0.045317914 -0.004948402 0.998830676
1649437057156987648.000000 -1.923114777 -2.079034090 5.735278130 -0.018610390 -0.047625378 -0.004544469 0.998681545
1649437057625829376.000000 -1.933277369 -2.097052813 5.780522823 -0.019253001 -0.049079981 -0.008945883 0.998569191
1649437057976780032.000000 -1.942205787 -2.109748840 5.816226482 -0.019091902 -0.047923133 -0.011854723 0.998598158
1649437058326499328.000000 -1.951566100 -2.121508121 5.850948334 -0.016727956 -0.047284991 -0.007964079 0.998709619
1649437058671984384.000000 -1.958735228 -2.132829428 5.884516716 -0.013584813 -0.044696040 -0.011634601 0.998840511
1649437059017635584.000000 -1.966200948 -2.143464565 5.915342331 -0.009871891 -0.042366076 -0.011893640 0.998982608
1649437059247472640.000000 -1.971714973 -2.150450468 5.933351040 -0.011679451 -0.042255625 -0.011491448 0.998972476
1649437059592684800.000000 -1.978319645 -2.160163879 5.960221291 -0.009528095 -0.040577214 -0.012330744 0.999054909
1649437059822928128.000000 -1.983588099 -2.166453362 5.976560593 -0.011192596 -0.041059833 -0.011593666 0.999026716
1649437060054722048.000000 -1.988767385 -2.173324108 5.993352413 -0.012868212 -0.041260231 -0.010961119 0.999005437
1649437060400751360.000000 -1.998520374 -2.184130192 6.020492077 -0.016516972 -0.040400233 -0.009618722 0.999000728
1649437060632665856.000000 -2.008429527 -2.191368103 6.043722630 -0.018808195 -0.036068302 -0.008195898 0.999138713
1649437060863452416.000000 -2.024228811 -2.198161364 6.073960304 -0.022810556 -0.025595132 -0.004910037 0.999400020
1649437061094422272.000000 -2.043805838 -2.206338167 6.111500263 -0.026950274 -0.005138150 -0.003817854 0.999616265
1649437061323465728.000000 -2.062587500 -2.215101957 6.155972958 -0.034390070 0.025942521 0.000530284 0.999071598
1649437061555297536.000000 -2.089619637 -2.224297762 6.201457977 -0.044520956 0.058872759 0.005428822 0.997257471
1649437061788295680.000000 -2.122686863 -2.233912468 6.243045807 -0.049733564 0.093351118 0.012727427 0.994308889
1649437061905992192.000000 -2.143362761 -2.238434792 6.264284611 -0.054802064 0.111349158 0.014890498 0.992157459
1649437062023686912.000000 -2.167378902 -2.243067026 6.286185741 -0.062643617 0.130791008 0.014324834 0.989325166
1649437062140498176.000000 -2.194139242 -2.247071981 6.307895660 -0.070339419 0.152930588 0.013934120 0.985632002
1649437062255231232.000000 -2.225495577 -2.246979713 6.330171108 -0.077245958 0.175985917 0.016451513 0.981219351
1649437062369661184.000000 -2.257314920 -2.248025417 6.349469662 -0.082041502 0.200116247 0.023653373 0.976044655
1649437062486891520.000000 -2.288912773 -2.250096321 6.366123199 -0.089637198 0.228399128 0.031035252 0.968935430
1649437062603374592.000000 -2.319582939 -2.252230167 6.380052567 -0.099989131 0.260885179 0.037676249 0.959438145
1649437062722933248.000000 -2.345723152 -2.254387617 6.387603760 -0.107397966 0.293212116 0.049295396 0.948716164
1649437062839607040.000000 -2.367817879 -2.255762339 6.389806747 -0.111093611 0.326179296 0.065603830 0.936462164
1649437062954533888.000000 -2.385150194 -2.256583214 6.385513306 -0.113371961 0.355600178 0.083989017 0.923927009
1649437063074248192.000000 -2.399371624 -2.255963326 6.375383377 -0.113439105 0.383673191 0.102435872 0.910732329
